-2.500000000000000000e+01 -2.500000000000000000e+01 5.000000000000000000e+01
-2.500000000000000000e+01 -2.500000000000000000e+01 7.500000000000000000e+01
-2.500000000000000000e+01 2.500000000000000000e+01 7.500000000000000000e+01
-2.500000000000000000e+01 2.500000000000000000e+01 5.000000000000000000e+01
2.500000000000000000e+01 2.500000000000000000e+01 7.500000000000000000e+01
2.500000000000000000e+01 2.500000000000000000e+01 5.000000000000000000e+01
2.500000000000000000e+01 -2.500000000000000000e+01 5.000000000000000000e+01
2.500000000000000000e+01 -2.500000000000000000e+01 7.500000000000000000e+01
5.000000000000000000e+01 -5.000000000000000000e+01 5.000000000000000000e+01
-5.000000000000000000e+01 -5.000000000000000000e+01 5.000000000000000000e+01
5.000000000000000000e+01 5.000000000000000000e+01 5.000000000000000000e+01
-5.000000000000000000e+01 5.000000000000000000e+01 5.000000000000000000e+01
5.000000000000000000e+01 -5.000000000000000000e+01 -5.000000000000000000e+01
-5.000000000000000000e+01 -5.000000000000000000e+01 -5.000000000000000000e+01
-5.000000000000000000e+01 5.000000000000000000e+01 -5.000000000000000000e+01
5.000000000000000000e+01 5.000000000000000000e+01 -5.000000000000000000e+01
-2.500000000000000000e+01 -2.500000000000000000e+01 5.833333206176757812e+01
-2.500000000000000000e+01 -2.500000000000000000e+01 6.666666412353515625e+01
-2.500000000000000000e+01 -1.500000000000000000e+01 7.500000000000000000e+01
-2.500000000000000000e+01 -5.000000000000000000e+00 7.500000000000000000e+01
-2.500000000000000000e+01 5.000000000000000000e+00 7.500000000000000000e+01
-2.500000000000000000e+01 1.500000000000000000e+01 7.500000000000000000e+01
-2.500000000000000000e+01 2.500000000000000000e+01 5.833333206176757812e+01
-2.500000000000000000e+01 2.500000000000000000e+01 6.666666412353515625e+01
-2.500000000000000000e+01 1.500000000000000000e+01 5.000000000000000000e+01
-2.500000000000000000e+01 5.000000000000000000e+00 5.000000000000000000e+01
-2.500000000000000000e+01 -5.000000000000000000e+00 5.000000000000000000e+01
-2.500000000000000000e+01 -1.500000000000000000e+01 5.000000000000000000e+01
-1.500000000000000000e+01 2.500000000000000000e+01 7.500000000000000000e+01
-5.000000000000000000e+00 2.500000000000000000e+01 7.500000000000000000e+01
5.000000000000000000e+00 2.500000000000000000e+01 7.500000000000000000e+01
1.500000000000000000e+01 2.500000000000000000e+01 7.500000000000000000e+01
2.500000000000000000e+01 2.500000000000000000e+01 5.833333206176757812e+01
2.500000000000000000e+01 2.500000000000000000e+01 6.666666412353515625e+01
1.500000000000000000e+01 2.500000000000000000e+01 5.000000000000000000e+01
5.000000000000000000e+00 2.500000000000000000e+01 5.000000000000000000e+01
-5.000000000000000000e+00 2.500000000000000000e+01 5.000000000000000000e+01
-1.500000000000000000e+01 2.500000000000000000e+01 5.000000000000000000e+01
2.500000000000000000e+01 -2.500000000000000000e+01 5.833333206176757812e+01
2.500000000000000000e+01 -2.500000000000000000e+01 6.666666412353515625e+01
1.500000000000000000e+01 -2.500000000000000000e+01 7.500000000000000000e+01
5.000000000000000000e+00 -2.500000000000000000e+01 7.500000000000000000e+01
-5.000000000000000000e+00 -2.500000000000000000e+01 7.500000000000000000e+01
-1.500000000000000000e+01 -2.500000000000000000e+01 7.500000000000000000e+01
-1.500000000000000000e+01 -2.500000000000000000e+01 5.000000000000000000e+01
-5.000000000000000000e+00 -2.500000000000000000e+01 5.000000000000000000e+01
5.000000000000000000e+00 -2.500000000000000000e+01 5.000000000000000000e+01
1.500000000000000000e+01 -2.500000000000000000e+01 5.000000000000000000e+01
2.500000000000000000e+01 1.500000000000000000e+01 7.500000000000000000e+01
2.500000000000000000e+01 5.000000000000000000e+00 7.500000000000000000e+01
2.500000000000000000e+01 -5.000000000000000000e+00 7.500000000000000000e+01
2.500000000000000000e+01 -1.500000000000000000e+01 7.500000000000000000e+01
2.500000000000000000e+01 -1.500000000000000000e+01 5.000000000000000000e+01
2.500000000000000000e+01 -5.000000000000000000e+00 5.000000000000000000e+01
2.500000000000000000e+01 5.000000000000000000e+00 5.000000000000000000e+01
2.500000000000000000e+01 1.500000000000000000e+01 5.000000000000000000e+01
4.000000000000000000e+01 -5.000000000000000000e+01 5.000000000000000000e+01
3.000000000000000000e+01 -5.000000000000000000e+01 5.000000000000000000e+01
2.000000000000000000e+01 -5.000000000000000000e+01 5.000000000000000000e+01
1.000000000000000000e+01 -5.000000000000000000e+01 5.000000000000000000e+01
0.000000000000000000e+00 -5.000000000000000000e+01 5.000000000000000000e+01
-1.000000000000000000e+01 -5.000000000000000000e+01 5.000000000000000000e+01
-2.000000000000000000e+01 -5.000000000000000000e+01 5.000000000000000000e+01
-3.000000000000000000e+01 -5.000000000000000000e+01 5.000000000000000000e+01
-4.000000000000000000e+01 -5.000000000000000000e+01 5.000000000000000000e+01
5.000000000000000000e+01 4.000000000000000000e+01 5.000000000000000000e+01
5.000000000000000000e+01 3.000000000000000000e+01 5.000000000000000000e+01
5.000000000000000000e+01 2.000000000000000000e+01 5.000000000000000000e+01
5.000000000000000000e+01 1.000000000000000000e+01 5.000000000000000000e+01
5.000000000000000000e+01 0.000000000000000000e+00 5.000000000000000000e+01
5.000000000000000000e+01 -1.000000000000000000e+01 5.000000000000000000e+01
5.000000000000000000e+01 -2.000000000000000000e+01 5.000000000000000000e+01
5.000000000000000000e+01 -3.000000000000000000e+01 5.000000000000000000e+01
5.000000000000000000e+01 -4.000000000000000000e+01 5.000000000000000000e+01
-4.000000000000000000e+01 5.000000000000000000e+01 5.000000000000000000e+01
-3.000000000000000000e+01 5.000000000000000000e+01 5.000000000000000000e+01
-2.000000000000000000e+01 5.000000000000000000e+01 5.000000000000000000e+01
-1.000000000000000000e+01 5.000000000000000000e+01 5.000000000000000000e+01
0.000000000000000000e+00 5.000000000000000000e+01 5.000000000000000000e+01
1.000000000000000000e+01 5.000000000000000000e+01 5.000000000000000000e+01
2.000000000000000000e+01 5.000000000000000000e+01 5.000000000000000000e+01
3.000000000000000000e+01 5.000000000000000000e+01 5.000000000000000000e+01
4.000000000000000000e+01 5.000000000000000000e+01 5.000000000000000000e+01
-5.000000000000000000e+01 -4.000000000000000000e+01 5.000000000000000000e+01
-5.000000000000000000e+01 -3.000000000000000000e+01 5.000000000000000000e+01
-5.000000000000000000e+01 -2.000000000000000000e+01 5.000000000000000000e+01
-5.000000000000000000e+01 -1.000000000000000000e+01 5.000000000000000000e+01
-5.000000000000000000e+01 0.000000000000000000e+00 5.000000000000000000e+01
-5.000000000000000000e+01 1.000000000000000000e+01 5.000000000000000000e+01
-5.000000000000000000e+01 2.000000000000000000e+01 5.000000000000000000e+01
-5.000000000000000000e+01 3.000000000000000000e+01 5.000000000000000000e+01
-5.000000000000000000e+01 4.000000000000000000e+01 5.000000000000000000e+01
5.000000000000000000e+01 -5.000000000000000000e+01 -4.000000000000000000e+01
5.000000000000000000e+01 -5.000000000000000000e+01 -3.000000000000000000e+01
5.000000000000000000e+01 -5.000000000000000000e+01 -2.000000000000000000e+01
5.000000000000000000e+01 -5.000000000000000000e+01 -1.000000000000000000e+01
5.000000000000000000e+01 -5.000000000000000000e+01 0.000000000000000000e+00
5.000000000000000000e+01 -5.000000000000000000e+01 1.000000000000000000e+01
5.000000000000000000e+01 -5.000000000000000000e+01 2.000000000000000000e+01
5.000000000000000000e+01 -5.000000000000000000e+01 3.000000000000000000e+01
5.000000000000000000e+01 -5.000000000000000000e+01 4.000000000000000000e+01
-5.000000000000000000e+01 -5.000000000000000000e+01 -4.000000000000000000e+01
-5.000000000000000000e+01 -5.000000000000000000e+01 -3.000000000000000000e+01
-5.000000000000000000e+01 -5.000000000000000000e+01 -2.000000000000000000e+01
-5.000000000000000000e+01 -5.000000000000000000e+01 -1.000000000000000000e+01
-5.000000000000000000e+01 -5.000000000000000000e+01 0.000000000000000000e+00
-5.000000000000000000e+01 -5.000000000000000000e+01 1.000000000000000000e+01
-5.000000000000000000e+01 -5.000000000000000000e+01 2.000000000000000000e+01
-5.000000000000000000e+01 -5.000000000000000000e+01 3.000000000000000000e+01
-5.000000000000000000e+01 -5.000000000000000000e+01 4.000000000000000000e+01
-4.000000000000000000e+01 -5.000000000000000000e+01 -5.000000000000000000e+01
-3.000000000000000000e+01 -5.000000000000000000e+01 -5.000000000000000000e+01
-2.000000000000000000e+01 -5.000000000000000000e+01 -5.000000000000000000e+01
-1.000000000000000000e+01 -5.000000000000000000e+01 -5.000000000000000000e+01
0.000000000000000000e+00 -5.000000000000000000e+01 -5.000000000000000000e+01
1.000000000000000000e+01 -5.000000000000000000e+01 -5.000000000000000000e+01
2.000000000000000000e+01 -5.000000000000000000e+01 -5.000000000000000000e+01
3.000000000000000000e+01 -5.000000000000000000e+01 -5.000000000000000000e+01
4.000000000000000000e+01 -5.000000000000000000e+01 -5.000000000000000000e+01
-5.000000000000000000e+01 5.000000000000000000e+01 -4.000000000000000000e+01
-5.000000000000000000e+01 5.000000000000000000e+01 -3.000000000000000000e+01
-5.000000000000000000e+01 5.000000000000000000e+01 -2.000000000000000000e+01
-5.000000000000000000e+01 5.000000000000000000e+01 -1.000000000000000000e+01
-5.000000000000000000e+01 5.000000000000000000e+01 0.000000000000000000e+00
-5.000000000000000000e+01 5.000000000000000000e+01 1.000000000000000000e+01
-5.000000000000000000e+01 5.000000000000000000e+01 2.000000000000000000e+01
-5.000000000000000000e+01 5.000000000000000000e+01 3.000000000000000000e+01
-5.000000000000000000e+01 5.000000000000000000e+01 4.000000000000000000e+01
-5.000000000000000000e+01 4.000000000000000000e+01 -5.000000000000000000e+01
-5.000000000000000000e+01 3.000000000000000000e+01 -5.000000000000000000e+01
-5.000000000000000000e+01 2.000000000000000000e+01 -5.000000000000000000e+01
-5.000000000000000000e+01 1.000000000000000000e+01 -5.000000000000000000e+01
-5.000000000000000000e+01 0.000000000000000000e+00 -5.000000000000000000e+01
-5.000000000000000000e+01 -1.000000000000000000e+01 -5.000000000000000000e+01
-5.000000000000000000e+01 -2.000000000000000000e+01 -5.000000000000000000e+01
-5.000000000000000000e+01 -3.000000000000000000e+01 -5.000000000000000000e+01
-5.000000000000000000e+01 -4.000000000000000000e+01 -5.000000000000000000e+01
5.000000000000000000e+01 5.000000000000000000e+01 -4.000000000000000000e+01
5.000000000000000000e+01 5.000000000000000000e+01 -3.000000000000000000e+01
5.000000000000000000e+01 5.000000000000000000e+01 -2.000000000000000000e+01
5.000000000000000000e+01 5.000000000000000000e+01 -1.000000000000000000e+01
5.000000000000000000e+01 5.000000000000000000e+01 0.000000000000000000e+00
5.000000000000000000e+01 5.000000000000000000e+01 1.000000000000000000e+01
5.000000000000000000e+01 5.000000000000000000e+01 2.000000000000000000e+01
5.000000000000000000e+01 5.000000000000000000e+01 3.000000000000000000e+01
5.000000000000000000e+01 5.000000000000000000e+01 4.000000000000000000e+01
4.000000000000000000e+01 5.000000000000000000e+01 -5.000000000000000000e+01
3.000000000000000000e+01 5.000000000000000000e+01 -5.000000000000000000e+01
2.000000000000000000e+01 5.000000000000000000e+01 -5.000000000000000000e+01
1.000000000000000000e+01 5.000000000000000000e+01 -5.000000000000000000e+01
0.000000000000000000e+00 5.000000000000000000e+01 -5.000000000000000000e+01
-1.000000000000000000e+01 5.000000000000000000e+01 -5.000000000000000000e+01
-2.000000000000000000e+01 5.000000000000000000e+01 -5.000000000000000000e+01
-3.000000000000000000e+01 5.000000000000000000e+01 -5.000000000000000000e+01
-4.000000000000000000e+01 5.000000000000000000e+01 -5.000000000000000000e+01
5.000000000000000000e+01 -4.000000000000000000e+01 -5.000000000000000000e+01
5.000000000000000000e+01 -3.000000000000000000e+01 -5.000000000000000000e+01
5.000000000000000000e+01 -2.000000000000000000e+01 -5.000000000000000000e+01
5.000000000000000000e+01 -1.000000000000000000e+01 -5.000000000000000000e+01
5.000000000000000000e+01 0.000000000000000000e+00 -5.000000000000000000e+01
5.000000000000000000e+01 1.000000000000000000e+01 -5.000000000000000000e+01
5.000000000000000000e+01 2.000000000000000000e+01 -5.000000000000000000e+01
5.000000000000000000e+01 3.000000000000000000e+01 -5.000000000000000000e+01
5.000000000000000000e+01 4.000000000000000000e+01 -5.000000000000000000e+01
-2.500000000000000000e+01 -1.792188835144042969e+01 6.226316833496093750e+01
-2.500000000000000000e+01 1.792188835144042969e+01 6.226316833496093750e+01
1.792188835144042969e+01 2.500000000000000000e+01 6.226316833496093750e+01
1.792188835144042969e+01 -2.500000000000000000e+01 6.226316833496093750e+01
5.667456984519958496e-01 1.681466865539550781e+01 7.500000000000000000e+01
5.667456984519958496e-01 -1.681466865539550781e+01 7.500000000000000000e+01
1.838119697570800781e+01 3.040774166584014893e-01 7.500000000000000000e+01
-1.670749855041503906e+01 1.447417680174112320e-02 7.500000000000000000e+01
-3.447132110595703125e+01 -4.052119827270507812e+01 5.000000000000000000e+01
-3.447132110595703125e+01 4.052119827270507812e+01 5.000000000000000000e+01
4.052119827270507812e+01 3.447132110595703125e+01 5.000000000000000000e+01
3.447132110595703125e+01 -4.052119827270507812e+01 5.000000000000000000e+01
3.366025543212890625e+01 -2.000000000000000000e+01 5.000000000000000000e+01
-3.366025543212890625e+01 0.000000000000000000e+00 5.000000000000000000e+01
0.000000000000000000e+00 3.366025543212890625e+01 5.000000000000000000e+01
0.000000000000000000e+00 -3.349488830566406250e+01 5.000000000000000000e+01
3.366025543212890625e+01 0.000000000000000000e+00 5.000000000000000000e+01
-4.059727478027343750e+01 -5.000000000000000000e+01 -3.636965751647949219e+00
4.076320648193359375e+01 -5.000000000000000000e+01 -3.942571878433227539e+00
5.005231857299804688e+00 -5.000000000000000000e+01 4.136030197143554688e+01
-5.000000000000000000e+00 -5.000000000000000000e+01 -4.133974456787109375e+01
-1.499497127532958984e+01 -5.000000000000000000e+01 4.137573242187500000e+01
1.500000000000000000e+01 -5.000000000000000000e+01 -4.133974456787109375e+01
-4.144657135009765625e+01 -5.000000000000000000e+01 -2.489513587951660156e+01
4.247061157226562500e+01 -5.000000000000000000e+01 -2.464543724060058594e+01
-2.459787940979003906e+01 -5.000000000000000000e+01 -4.204077529907226562e+01
4.094302749633789062e+01 -5.000000000000000000e+01 3.408174514770507812e+01
-5.004062652587890625e+00 -5.000000000000000000e+01 2.401184082031250000e+01
4.933831214904785156e+00 -5.000000000000000000e+01 6.568296432495117188e+00
1.461665534973144531e+01 -5.000000000000000000e+01 -1.080077362060546875e+01
1.501673221588134766e+01 -5.000000000000000000e+01 2.399373626708984375e+01
-2.503487014770507812e+01 -5.000000000000000000e+01 2.401337432861328125e+01
-1.003341007232666016e+01 -5.000000000000000000e+01 -1.928884315490722656e+01
-1.505139160156250000e+01 -5.000000000000000000e+01 6.606747150421142578e+00
-5.000000000000000000e+01 -5.039884567260742188e+00 -4.190070724487304688e+01
-5.000000000000000000e+01 4.152217102050781250e+01 4.684029102325439453e+00
-5.000000000000000000e+01 1.488495922088623047e+01 -4.219263839721679688e+01
-5.000000000000000000e+01 1.512690353393554688e+01 4.126164627075195312e+01
-5.000000000000000000e+01 -4.106113815307617188e+01 1.509453678131103516e+01
-5.000000000000000000e+01 4.154700469970703125e+01 -1.500000000000000000e+01
-5.000000000000000000e+01 -2.495378112792968750e+01 -4.184090042114257812e+01
-5.000000000000000000e+01 -2.497807693481445312e+01 4.151535797119140625e+01
-5.000000000000000000e+01 4.103703689575195312e+01 2.586725616455078125e+01
-5.000000000000000000e+01 4.189948272705078125e+01 -3.482503890991210938e+01
-5.000000000000000000e+01 -4.990493297576904297e+00 2.403270339965820312e+01
-5.000000000000000000e+01 5.084472179412841797e+00 6.838103294372558594e+00
-5.000000000000000000e+01 -4.850094795227050781e+00 -9.967355728149414062e+00
-5.000000000000000000e+01 -1.499785709381103516e+01 6.714709281921386719e+00
-5.000000000000000000e+01 1.523289012908935547e+01 -1.032041740417480469e+01
-5.000000000000000000e+01 -2.528311729431152344e+01 -1.224941539764404297e+01
4.059727478027343750e+01 5.000000000000000000e+01 -3.636965751647949219e+00
5.000000000000000000e+00 5.000000000000000000e+01 -4.133974456787109375e+01
1.499497127532958984e+01 5.000000000000000000e+01 4.137573242187500000e+01
-1.500000000000000000e+01 5.000000000000000000e+01 -4.133974456787109375e+01
4.144657135009765625e+01 5.000000000000000000e+01 -2.489513587951660156e+01
2.459787940979003906e+01 5.000000000000000000e+01 -4.204077529907226562e+01
-1.001174259185791016e+01 5.000000000000000000e+01 3.270597076416015625e+01
2.230568975210189819e-02 5.000000000000000000e+01 1.529564285278320312e+01
1.005777835845947266e+01 5.000000000000000000e+01 -2.030443668365478516e+00
-9.828856468200683594e+00 5.000000000000000000e+01 -2.154366016387939453e+00
9.492088109254837036e-02 5.000000000000000000e+01 -1.928536033630371094e+01
-1.930353164672851562e+01 5.000000000000000000e+01 -1.922927474975585938e+01
2.006946372985839844e+01 5.000000000000000000e+01 1.527193260192871094e+01
2.015147018432617188e+01 5.000000000000000000e+01 -1.931572532653808594e+01
4.082114028930664062e+01 5.000000000000000000e+01 3.374466323852539062e+01
-2.002837562561035156e+01 5.000000000000000000e+01 1.517730998992919922e+01
-2.977519416809082031e+01 5.000000000000000000e+01 -2.902198553085327148e+00
-3.013398361206054688e+01 5.000000000000000000e+01 3.309529495239257812e+01
5.000000000000000000e+01 -5.000000000000000000e+00 -4.133974456787109375e+01
5.000000000000000000e+01 1.499799728393554688e+01 4.137155914306640625e+01
5.000000000000000000e+01 -4.106448745727539062e+01 1.505629730224609375e+01
5.000000000000000000e+01 4.107389068603515625e+01 1.507340145111083984e+01
5.000000000000000000e+01 1.500000000000000000e+01 -4.133974456787109375e+01
5.000000000000000000e+01 -2.459787940979003906e+01 -4.204077529907226562e+01
5.000000000000000000e+01 3.437280273437500000e+01 -4.059981918334960938e+01
5.000000000000000000e+01 -1.000016403198242188e+01 3.270911788940429688e+01
5.000000000000000000e+01 8.690580725669860840e-03 1.533754825592041016e+01
5.000000000000000000e+01 -1.000947380065917969e+01 -2.004533052444458008e+00
5.000000000000000000e+01 9.995352745056152344e+00 -1.959934830665588379e+00
5.000000000000000000e+01 -9.299108642153441906e-04 -1.928661537170410156e+01
5.000000000000000000e+01 2.018679428100585938e+01 -1.930754661560058594e+01
5.000000000000000000e+01 -2.014743423461914062e+01 -1.932258796691894531e+01
5.000000000000000000e+01 -3.011302566528320312e+01 3.307610321044921875e+01
5.000000000000000000e+01 -3.043381881713867188e+01 -2.184294223785400391e+00
5.000000000000000000e+01 -2.009137535095214844e+01 1.525965690612792969e+01
5.000000000000000000e+01 2.007777976989746094e+01 1.529506206512451172e+01
5.000000000000000000e+01 3.002123069763183594e+01 -2.025749206542968750e+00
3.500528335571289062e+01 -4.160905456542968750e+01 -5.000000000000000000e+01
-3.437063980102539062e+01 4.059928894042968750e+01 -5.000000000000000000e+01
-1.001912689208984375e+01 -3.277087783813476562e+01 -5.000000000000000000e+01
1.263157930225133896e-02 -1.540535926818847656e+01 -5.000000000000000000e+01
1.019310474395751953e+01 1.795277357101440430e+00 -5.000000000000000000e+01
-9.990038871765136719e+00 1.908847332000732422e+00 -5.000000000000000000e+01
-2.007519149780273438e+01 1.929668426513671875e+01 -5.000000000000000000e+01
4.883743077516555786e-02 1.924490928649902344e+01 -5.000000000000000000e+01
1.998405265808105469e+01 -1.539525508880615234e+01 -5.000000000000000000e+01
2.031802368164062500e+01 1.918618392944335938e+01 -5.000000000000000000e+01
1.005534267425537109e+01 -3.264212799072265625e+01 -5.000000000000000000e+01
-2.995030212402343750e+01 2.063467264175415039e+00 -5.000000000000000000e+01
-2.015643119812011719e+01 -1.553501033782958984e+01 -5.000000000000000000e+01
-3.029912948608398438e+01 -3.309028625488281250e+01 -5.000000000000000000e+01
3.169278144836425781e+01 1.010713696479797363e+00 -5.000000000000000000e+01
