1.727999999999999758e+01
2.073599999999999710e+01
2.073599999999999710e+01
1.727999999999999758e+01
2.073599999999999710e+01
1.727999999999999758e+01
1.727999999999999758e+01
2.073599999999999710e+01
2.073599999999999710e+01
2.073599999999999710e+01
2.073599999999999710e+01
2.073599999999999710e+01
2.073599999999999710e+01
2.073599999999999710e+01
2.073599999999999710e+01
2.073599999999999710e+01
1.439999862670898345e+01
1.728000659179687304e+01
2.073599999999999710e+01
2.073599999999999710e+01
2.073599999999999710e+01
2.073599999999999710e+01
1.439999862670898345e+01
1.728000659179687304e+01
1.727999999999999758e+01
2.073599999999999710e+01
2.073599999999999710e+01
1.727999999999999758e+01
2.073599999999999710e+01
2.073599999999999710e+01
2.073599999999999710e+01
2.073599999999999710e+01
1.439999862670898345e+01
1.728000659179687304e+01
1.727999999999999758e+01
2.073599999999999710e+01
2.073599999999999710e+01
1.727999999999999758e+01
1.439999862670898345e+01
1.728000659179687304e+01
2.073599999999999710e+01
2.073599999999999710e+01
2.073599999999999710e+01
2.073599999999999710e+01
1.727999999999999758e+01
2.073599999999999710e+01
2.073599999999999710e+01
1.727999999999999758e+01
2.073599999999999710e+01
2.073599999999999710e+01
2.073599999999999710e+01
2.073599999999999710e+01
1.727999999999999758e+01
2.073599999999999710e+01
2.073599999999999710e+01
1.727999999999999758e+01
2.073599999999999710e+01
2.073599999999999710e+01
2.073599999999999710e+01
2.073599999999999710e+01
2.073599999999999710e+01
2.073599999999999710e+01
2.073599999999999710e+01
2.073599999999999710e+01
2.073599999999999710e+01
2.073599999999999710e+01
2.073599999999999710e+01
2.073599999999999710e+01
2.073599999999999710e+01
2.073599999999999710e+01
2.073599999999999710e+01
2.073599999999999710e+01
2.073599999999999710e+01
2.073599999999999710e+01
2.073599999999999710e+01
2.073599999999999710e+01
2.073599999999999710e+01
2.073599999999999710e+01
2.073599999999999710e+01
2.073599999999999710e+01
2.073599999999999710e+01
2.073599999999999710e+01
2.073599999999999710e+01
2.073599999999999710e+01
2.073599999999999710e+01
2.073599999999999710e+01
2.073599999999999710e+01
2.073599999999999710e+01
2.073599999999999710e+01
2.488319999999999510e+01
2.073599999999999710e+01
2.073599999999999710e+01
2.073599999999999710e+01
2.073599999999999710e+01
2.073599999999999710e+01
2.488319999999999510e+01
2.073599999999999710e+01
2.073599999999999710e+01
2.073599999999999710e+01
2.073599999999999710e+01
2.073599999999999710e+01
2.073599999999999710e+01
2.073599999999999710e+01
2.073599999999999710e+01
2.488319999999999510e+01
2.073599999999999710e+01
2.073599999999999710e+01
2.073599999999999710e+01
2.073599999999999710e+01
2.073599999999999710e+01
2.073599999999999710e+01
2.073599999999999710e+01
2.073599999999999710e+01
2.073599999999999710e+01
2.073599999999999710e+01
2.073599999999999710e+01
2.488319999999999510e+01
2.073599999999999710e+01
2.073599999999999710e+01
2.073599999999999710e+01
2.073599999999999710e+01
2.073599999999999710e+01
2.488319999999999510e+01
2.073599999999999710e+01
2.488319999999999510e+01
2.488319999999999510e+01
2.073599999999999710e+01
2.073599999999999710e+01
2.073599999999999710e+01
2.073599999999999710e+01
2.073599999999999710e+01
2.488319999999999510e+01
2.073599999999999710e+01
2.073599999999999710e+01
2.073599999999999710e+01
2.073599999999999710e+01
2.073599999999999710e+01
2.073599999999999710e+01
2.073599999999999710e+01
2.073599999999999710e+01
2.488319999999999510e+01
2.073599999999999710e+01
2.073599999999999710e+01
2.073599999999999710e+01
2.073599999999999710e+01
2.073599999999999710e+01
2.073599999999999710e+01
2.073599999999999710e+01
2.073599999999999710e+01
2.073599999999999710e+01
2.073599999999999710e+01
2.073599999999999710e+01
2.073599999999999710e+01
2.073599999999999710e+01
2.073599999999999710e+01
2.073599999999999710e+01
2.073599999999999710e+01
2.488319999999999510e+01
2.488319999999999510e+01
2.073599999999999710e+01
2.488319999999999510e+01
2.073599999999999710e+01
2.073599999999999710e+01
2.073599999999999710e+01
1.474790749065883233e+01
1.474790749065883233e+01
1.474790749065883233e+01
1.474790749065883233e+01
2.244274715495419414e+01
2.242800386864958995e+01
2.209218507030595191e+01
1.934523393047837558e+01
1.868887369596889769e+01
1.868887369596889769e+01
1.868887369596889769e+01
1.868887369596889769e+01
1.966888287301639693e+01
1.901716631893063081e+01
1.901716631893063081e+01
1.890945486721642510e+01
1.901499507298754565e+01
2.427059769541602918e+01
2.401084025031542879e+01
2.368288457223419030e+01
2.295972711078831097e+01
2.364093425384067615e+01
2.299880228120306214e+01
2.352056681598643451e+01
2.220318525540020360e+01
2.208975591601059563e+01
1.829224771406603978e+01
3.108846018593516192e+01
3.812379373989827513e+01
3.754157742985722734e+01
3.112171386299773346e+01
2.954374507115957726e+01
3.103036435459343423e+01
3.813112080323746511e+01
2.298232225041624233e+01
2.320520748103394837e+01
2.243875019201795595e+01
2.362558578308025758e+01
2.322646495633351194e+01
2.359517942077938102e+01
2.321206449815634087e+01
2.335259307101224380e+01
2.361336265844382609e+01
1.803733569229375888e+01
3.107054088490678012e+01
3.780059479929862221e+01
3.761504185954916579e+01
3.812220907971960315e+01
3.764328289234710923e+01
2.895946114443365715e+01
2.443241310618591200e+01
2.295569741308968403e+01
2.364093425384067615e+01
2.288226361459627967e+01
2.352056681598643451e+01
2.266343949359416499e+01
2.845356381417141378e+01
3.820309403832145989e+01
3.798569074893806885e+01
3.787302784748439421e+01
3.083118533643606796e+01
3.098181109606701256e+01
3.176982811658189831e+01
3.091844717044064339e+01
1.855287014092305853e+01
3.185478830016781515e+01
2.987157460363344086e+01
2.271959750555569713e+01
2.365604628559180256e+01
2.363966620574088395e+01
2.320998001238770669e+01
2.319099158655329163e+01
2.293874834843088806e+01
2.275695014973658559e+01
1.867088830923358955e+01
2.845414424475867321e+01
3.815355586728401249e+01
3.814881310294656203e+01
3.809980119877200622e+01
3.141535902553370008e+01
3.087884290428498701e+01
3.091089274006796472e+01
2.273382136680452348e+01
2.941219593913960040e+01
3.183253190696682111e+01
3.182532685062393085e+01
2.931884720402172917e+01
1.827551673661788456e+01
1.866824699753606609e+01
2.867921047476012220e+01
3.809476948053323753e+01
3.824292888833319637e+01
3.817601637575859996e+01
3.090499414583051419e+01
3.145592783676400472e+01
3.162866712808684611e+01
3.077574907430651052e+01
2.865686495796119004e+01
2.957952769256392500e+01
3.188407982047359113e+01
2.256464640474956340e+01
2.843505553338080105e+01
