1.148806348443031158e-02
1.148806348443031158e-02
1.148806348443031158e-02
1.148806214332580462e-02
1.148806616663932724e-02
1.148806616663932724e-02
1.148806214332580462e-02
1.148806214332580462e-02
1.148806750774383420e-02
1.148806750774383420e-02
1.148806616663932724e-02
1.148806750774383420e-02
1.148806750774383420e-02
1.148806214332580462e-02
1.148806214332580462e-02
1.148806080222129593e-02
1.148806348443031158e-02
1.148806616663932724e-02
1.148806750774383420e-02
1.148806750774383420e-02
1.148807018995284986e-02
1.148807018995284986e-02
1.148806080222129593e-02
1.148806616663932724e-02
1.148806884884834290e-02
1.148806884884834290e-02
1.148806616663932724e-02
1.148806616663932724e-02
1.148806214332580462e-02
1.148806348443031158e-02
1.148806482553482028e-02
1.148806482553482028e-02
1.148806348443031158e-02
1.148806348443031158e-02
1.148806482553482028e-02
1.148806482553482028e-02
1.148806348443031158e-02
1.148806214332580462e-02
1.148806616663932724e-02
1.148806616663932724e-02
1.148806884884834290e-02
1.148806884884834290e-02
1.148806616663932724e-02
1.148806080222129593e-02
1.148807018995284986e-02
1.148807018995284986e-02
1.148806750774383420e-02
1.148806750774383420e-02
1.148806616663932724e-02
1.148806348443031158e-02
1.148806080222129593e-02
1.148806214332580462e-02
1.148806214332580462e-02
1.148806750774383420e-02
1.148806750774383420e-02
1.148806616663932724e-02
1.148806750774383420e-02
1.148806750774383420e-02
1.148806214332580462e-02
1.148806214332580462e-02
1.148806616663932724e-02
1.148806616663932724e-02
1.148806214332580462e-02
1.148806348443031158e-02
1.148806348443031158e-02
1.148806348443031158e-02
1.148806214332580462e-02
1.148806616663932724e-02
1.148806616663932724e-02
1.148806214332580462e-02
1.148806214332580462e-02
1.148806750774383420e-02
1.148806750774383420e-02
1.148806616663932724e-02
1.148806750774383420e-02
1.148806750774383420e-02
1.148806214332580462e-02
1.148806214332580462e-02
1.148806080222129593e-02
1.148806348443031158e-02
1.148806616663932724e-02
1.148806750774383420e-02
1.148806750774383420e-02
1.148807018995284986e-02
1.148807018995284986e-02
1.148806080222129593e-02
1.148806616663932724e-02
1.148806884884834290e-02
1.148806884884834290e-02
1.148806616663932724e-02
1.148806616663932724e-02
1.148806214332580462e-02
1.148806348443031158e-02
1.148806482553482028e-02
1.148806482553482028e-02
1.148806348443031158e-02
1.148806348443031158e-02
1.148806482553482028e-02
1.148806482553482028e-02
1.148806348443031158e-02
1.148806214332580462e-02
1.148806616663932724e-02
1.148806616663932724e-02
1.148806884884834290e-02
1.148806884884834290e-02
1.148806616663932724e-02
1.148806080222129593e-02
1.148807018995284986e-02
1.148807018995284986e-02
1.148806750774383420e-02
1.148806750774383420e-02
1.148806616663932724e-02
1.148806348443031158e-02
1.148806080222129593e-02
1.148806214332580462e-02
1.148806214332580462e-02
1.148806750774383420e-02
1.148806750774383420e-02
1.148806616663932724e-02
1.148806750774383420e-02
1.148806750774383420e-02
1.148806214332580462e-02
1.148806214332580462e-02
1.148806616663932724e-02
1.148806616663932724e-02
1.148806214332580462e-02
1.148806348443031158e-02
1.148806348443031158e-02
1.148806214332580462e-02
1.148806616663932724e-02
1.148806616663932724e-02
1.148806214332580462e-02
1.148806214332580462e-02
1.148806750774383420e-02
1.148806750774383420e-02
1.148806616663932724e-02
1.148806750774383420e-02
1.148806750774383420e-02
1.148806214332580462e-02
1.148806214332580462e-02
1.148806080222129593e-02
1.148806348443031158e-02
1.148806616663932724e-02
1.148806750774383420e-02
1.148806750774383420e-02
1.148807018995284986e-02
1.148807018995284986e-02
1.148806080222129593e-02
1.148806616663932724e-02
1.148806884884834290e-02
1.148806884884834290e-02
1.148806616663932724e-02
1.148806616663932724e-02
1.148806214332580462e-02
1.148806348443031158e-02
1.148806482553482028e-02
1.148806482553482028e-02
1.148806348443031158e-02
1.148806348443031158e-02
1.148806482553482028e-02
1.148806482553482028e-02
1.148806348443031158e-02
1.148806214332580462e-02
1.148806616663932724e-02
1.148806616663932724e-02
1.148806884884834290e-02
1.148806884884834290e-02
1.148806616663932724e-02
1.148806080222129593e-02
1.148807018995284986e-02
1.148807018995284986e-02
1.148806750774383420e-02
1.148806750774383420e-02
1.148806616663932724e-02
1.148806348443031158e-02
1.148806080222129593e-02
1.148806214332580462e-02
1.148806214332580462e-02
1.148806750774383420e-02
1.148806750774383420e-02
1.148806616663932724e-02
1.148806750774383420e-02
1.148806750774383420e-02
1.148806214332580462e-02
1.148806214332580462e-02
1.148806616663932724e-02
1.148806616663932724e-02
1.148806214332580462e-02
1.148806348443031158e-02
1.148806348443031158e-02
1.148806348443031158e-02
1.148806214332580462e-02
1.148806616663932724e-02
1.148806616663932724e-02
1.148806214332580462e-02
1.148806214332580462e-02
1.148806750774383420e-02
1.148806750774383420e-02
1.148806616663932724e-02
1.148806750774383420e-02
1.148806750774383420e-02
1.148806214332580462e-02
1.148806214332580462e-02
1.148806080222129593e-02
1.148806348443031158e-02
1.148806616663932724e-02
1.148806750774383420e-02
1.148806750774383420e-02
1.148807018995284986e-02
1.148807018995284986e-02
1.148806080222129593e-02
1.148806616663932724e-02
1.148806884884834290e-02
1.148806884884834290e-02
1.148806616663932724e-02
1.148806616663932724e-02
1.148806214332580462e-02
1.148806348443031158e-02
1.148806482553482028e-02
1.148806482553482028e-02
1.148806348443031158e-02
1.148806348443031158e-02
1.148806482553482028e-02
1.148806482553482028e-02
1.148806348443031158e-02
1.148806214332580462e-02
1.148806616663932724e-02
1.148806616663932724e-02
1.148806884884834290e-02
1.148806884884834290e-02
1.148806616663932724e-02
1.148806080222129593e-02
1.148807018995284986e-02
1.148807018995284986e-02
1.148806750774383420e-02
1.148806750774383420e-02
1.148806616663932724e-02
1.148806348443031158e-02
1.148806080222129593e-02
1.148806214332580462e-02
1.148806214332580462e-02
1.148806750774383420e-02
1.148806750774383420e-02
1.148806616663932724e-02
1.148806750774383420e-02
1.148806750774383420e-02
1.148806214332580462e-02
1.148806214332580462e-02
1.148806616663932724e-02
1.148806616663932724e-02
1.148806214332580462e-02
1.148806348443031158e-02
1.182895884769733300e-02
2.086322058584105799e-02
2.090965095824895426e-02
2.113983864982496574e-02
2.064926465509565531e-02
2.111566398214628076e-02
2.105260355892358062e-02
2.116599240318893516e-02
2.095880522029415841e-02
2.073159713076630842e-02
2.106039607598994556e-02
2.104571362337861323e-02
2.113343506267397268e-02
2.115971351328847783e-02
2.116335294865021380e-02
2.115881736588617890e-02
2.114762739965818372e-02
2.111280475730691747e-02
2.101466803672517869e-02
2.105496680073071572e-02
2.108876020333276882e-02
2.074690974987038194e-02
2.100658531431585582e-02
2.105425074039615416e-02
2.111888119167115024e-02
2.114113441856659698e-02
2.108047791531156290e-02
2.110921979835257700e-02
2.051843382362735987e-02
1.183705818483976255e-02
1.294698831347348457e-02
1.269016285411483751e-02
1.274406866787116191e-02
1.307153526012309365e-02
1.275635479082246754e-02
1.247534273204575425e-02
1.284818655777923181e-02
1.226745363078613794e-02
1.305448874200133315e-02
1.289077165517369707e-02
1.237417445613867018e-02
1.227029047798315273e-02
1.235197413615148412e-02
1.309111275900645688e-02
1.248669640093436756e-02
1.249088750462832090e-02
1.233247603319170306e-02
1.293226304964107710e-02
1.274255566146574072e-02
1.299371641602393990e-02
1.233301458403033950e-02
1.254084146787536047e-02
1.290934453035262088e-02
1.298725770285397499e-02
1.260536372995869382e-02
1.303538162643941289e-02
1.225293809522621027e-02
1.295146929610658561e-02
1.206916406995591808e-02
1.241790051507311171e-02
1.347464939036608148e-02
2.071491122536583268e-02
2.103917591583555347e-02
2.109720592715270612e-02
2.110502832721996777e-02
2.110724653887499982e-02
2.110731086590026881e-02
2.110732915307443613e-02
2.110733286158603117e-02
2.110733160354498136e-02
2.110733126925313716e-02
2.110733119696233534e-02
2.110733093819135500e-02
2.110733078123700271e-02
2.110733130680103597e-02
2.110733014358099832e-02
2.110733005947838109e-02
2.110732090972299371e-02
2.110731631839447495e-02
2.110727766945502681e-02
2.110726640030674561e-02
2.110734379770153740e-02
2.110729713293580181e-02
2.110714675359343095e-02
2.110745684050068308e-02
2.110732411210388196e-02
2.110700036889130715e-02
2.110717746938489681e-02
2.110792510940692410e-02
2.110662940017071082e-02
2.110506964623783469e-02
2.110737755078550063e-02
2.110724766141202843e-02
2.110718151341810234e-02
2.110718846914603000e-02
2.110696210505372955e-02
2.110422876859192887e-02
2.110860300292289812e-02
2.110585165445427736e-02
2.110609337110383801e-02
2.109556165502143865e-02
2.110721100487181895e-02
2.111108169001213800e-02
2.110730033911668510e-02
2.110620104906350825e-02
2.110352681874237343e-02
2.110653777831403635e-02
2.108010089321133568e-02
2.107526272324248065e-02
2.110818349726557852e-02
2.110729549258729548e-02
2.110463310039573451e-02
2.110549737487311950e-02
2.111044247108020272e-02
2.110572014871838625e-02
2.111331797124267606e-02
2.105572056582277057e-02
2.108984450628568347e-02
2.109503710267923715e-02
2.107837687860219383e-02
2.111206941732868964e-02
2.110917795112619844e-02
2.110816444904274614e-02
2.109621049771086623e-02
2.110733370694437006e-02
2.110521759258185415e-02
2.109008854099363520e-02
2.110323558171854283e-02
2.102647290723081222e-02
2.109497866112629988e-02
2.110733067942038160e-02
2.110873732923766039e-02
2.111744122205486476e-02
2.113895436323444399e-02
2.110100191302613504e-02
2.110576809476796822e-02
2.110732996911175718e-02
2.110733097588077603e-02
2.099835990184450996e-02
2.110517554371420593e-02
2.109015430824177570e-02
2.108239067516619325e-02
2.104870300314891363e-02
2.110161483354209069e-02
2.108091629841599840e-02
2.107799828661268207e-02
2.113386149089551205e-02
2.109783044100185800e-02
2.109538206657166765e-02
2.109819492666195964e-02
2.110565333454759995e-02
2.110732910148478692e-02
2.110733021998026371e-02
2.110353964539584543e-02
2.113180758145889737e-02
2.108698994585021802e-02
2.104519059330729400e-02
2.110732960867088906e-02
2.094546872391246650e-02
2.104161241099863217e-02
2.107292287299039613e-02
2.081168597186504321e-02
2.110726267305581411e-02
2.091131461737125163e-02
2.107910793756183690e-02
2.110962302039265034e-02
2.110729507564602578e-02
2.110733248894578959e-02
2.110733069204474496e-02
2.110733093684379405e-02
2.110813798681385189e-02
2.110732635649810451e-02
2.110726389908631345e-02
2.110730238395723893e-02
2.089525153737440896e-02
2.110736505140078934e-02
2.110703803328429704e-02
2.090790472579103984e-02
2.121094405651213419e-02
2.104512888254995995e-02
2.108792880197722652e-02
2.110733130127312798e-02
2.110727619038889336e-02
2.091991818927094182e-02
2.098597192766298025e-02
2.110468008098671799e-02
2.110684570058826010e-02
2.102606137089237104e-02
2.096570614659051812e-02
2.062525528851462744e-02
2.109280933710830364e-02
2.112975399408148491e-02
2.110780434334676159e-02
2.110809712228665230e-02
2.110427384436769707e-02
2.109756283203469834e-02
2.110460462667899939e-02
2.110733121538852994e-02
2.110271151135791057e-02
2.112415887310698306e-02
2.111038313461217550e-02
2.110642235823083010e-02
2.110732855397404184e-02
2.105859488595819562e-02
2.110731337457338874e-02
2.110681486852340749e-02
2.110535849541860312e-02
1.742175633910070937e-02
2.116961386996060041e-02
2.098908430171397832e-02
2.067984843863701627e-02
2.114026327511250164e-02
2.077649036980602423e-02
2.110666920901540719e-02
2.112165366786156878e-02
2.102437458966031902e-02
2.090279692632663472e-02
2.110732878457850792e-02
2.110733121538852994e-02
2.110518372840415949e-02
2.110730704054104845e-02
2.110732658567342213e-02
1.945021846337720642e-02
1.699651822247813179e-02
1.992386130411731224e-02
2.092295689417811994e-02
2.110020164780018054e-02
2.109498661278720599e-02
2.110615032418478032e-02
2.116191267499134554e-02
2.103171254812944910e-02
2.110341848915857008e-02
2.110587222350489636e-02
2.110130249658408175e-02
2.107059479239660471e-02
2.104081870444077587e-02
2.112023280190026067e-02
2.110731190194114343e-02
2.110704729631220078e-02
2.110707520394105099e-02
2.110236985524502340e-02
2.110712450992254310e-02
2.110732520869948448e-02
2.110304854429024407e-02
2.110341495045487195e-02
2.110733121538852994e-02
2.110699984483953295e-02
2.110736234308608489e-02
2.109019731951461765e-02
2.110731811494318336e-02
2.108795118135720070e-02
2.110733126440108437e-02
2.110736586668673573e-02
2.110650164322406055e-02
2.110573582920918789e-02
2.109536790208705812e-02
2.111021506854698915e-02
2.110732789117110431e-02
2.110732952389024475e-02
2.110733171224894386e-02
2.110722733314021604e-02
2.110676538128535007e-02
2.110733014358099832e-02
2.110122993007406203e-02
2.110659644264462065e-02
2.110711762469608815e-02
2.110733141497772927e-02
2.110741090051430208e-02
2.110734497665909745e-02
2.110732921040149937e-02
2.110700643004276289e-02
2.110703731384212800e-02
2.110654891056479993e-02
2.110733105453688543e-02
2.110894488317204346e-02
2.110728560621575808e-02
2.110733718251024682e-02
2.110781594472334668e-02
2.109825248203398007e-02
2.110673296170833754e-02
2.110604398766131179e-02
2.110732694511896143e-02
2.119631370392000697e-02
2.110697247780035993e-02
2.110730649301217551e-02
2.110356053334966342e-02
2.110733108343973430e-02
2.109507725723590299e-02
2.109612470552384503e-02
2.110698422405643537e-02
2.111318650632456814e-02
2.110729004592805380e-02
2.110593905142780016e-02
2.110725656176582615e-02
1.849907127654828662e-02
2.110733461559684276e-02
2.110732703319423420e-02
2.106315863207195577e-02
2.110727369356002817e-02
2.110733021210620119e-02
2.110716479380143895e-02
2.110730582140339651e-02
2.110700074185890840e-02
2.110732449114709197e-02
2.109954625593027031e-02
1.577037543369728956e-02
1.539426406610199839e-02
1.276398136370585946e-02
1.271320342624871792e-02
1.268485680386052111e-02
1.275877625879749504e-02
1.255681906661278505e-02
1.157184362556679807e-02
1.282319235477425746e-02
1.278740722909497453e-02
1.286288096149870025e-02
1.229416398122732713e-02
1.269726819926007833e-02
1.270565898329250459e-02
1.251335184887523294e-02
1.287005039963125611e-02
1.282133650910837266e-02
1.273058949074245411e-02
1.246944339953482382e-02
1.270206412131088917e-02
1.278408340166617245e-02
1.274651669826561487e-02
1.272417578593456992e-02
1.241774074325041610e-02
1.271613742159323837e-02
1.296495768820191130e-02
1.237479978589571712e-02
1.285982258205408714e-02
1.273273836578085565e-02
1.275522204572648345e-02
1.272730325621466811e-02
1.228400400459572425e-02
1.240888666520547322e-02
1.268019952712337931e-02
1.267937733462127549e-02
1.270564465334790387e-02
1.243862476635461400e-02
1.309990374214725639e-02
1.312143390923808245e-02
1.286596236373714099e-02
1.269572258636227427e-02
1.269307390306072605e-02
1.305848660088265722e-02
1.265569956930002841e-02
1.270962607326969231e-02
1.275187729672543069e-02
1.271228686533829380e-02
1.259556799694828456e-02
1.277750572022148638e-02
1.274464206748773289e-02
1.284122861587731756e-02
1.269984411839825134e-02
1.267871040436995868e-02
1.279186523865556181e-02
1.308015889819829497e-02
1.263358676170638767e-02
2.114496874256117584e-02
2.115324496515417693e-02
2.111034732589527063e-02
2.110850499562701502e-02
2.112950369290117827e-02
2.112055721879033815e-02
2.111862866556631080e-02
2.111622668323963337e-02
2.112337946386882298e-02
2.113146561612946547e-02
2.112905924220991397e-02
2.111707947698602747e-02
2.110984856952636407e-02
2.112094613912275654e-02
2.113406253751524272e-02
2.113260294662984776e-02
2.113044698088899220e-02
2.111902538905856622e-02
2.111525480932563772e-02
2.111571378712973415e-02
2.111188235994715390e-02
2.111086754901401324e-02
2.111330320481995607e-02
2.111295542634954170e-02
2.111011803582272042e-02
2.112035884135054359e-02
2.113404590855801762e-02
2.110144286509711697e-02
2.111044836480181416e-02
2.111513564031851711e-02
2.111080569464561171e-02
2.112143541164236693e-02
2.111377450806903658e-02
2.111588431353874501e-02
2.111110056332367313e-02
2.111989229337789264e-02
2.111971105321848105e-02
2.113565838304451439e-02
2.111162981631476213e-02
2.111645321335037587e-02
2.110054172130860703e-02
2.109791794342029750e-02
2.110188556869508139e-02
2.110409960908415927e-02
2.110335159369449570e-02
2.109046410998063892e-02
2.109914151656324885e-02
2.110860826355019301e-02
2.109820210396347664e-02
2.110341352573993912e-02
2.111488572982535630e-02
2.110414915106541278e-02
2.110058496063929936e-02
2.109693176511446416e-02
2.111125509217222362e-02
2.111092605629991126e-02
2.111158288673885275e-02
2.110800957747453049e-02
2.110656333536671189e-02
2.110766235681379999e-02
2.111005545958521967e-02
2.109372571931634327e-02
2.110963278415750946e-02
2.111180933803891852e-02
2.112279203781754211e-02
2.112161848355288349e-02
2.112419812940283248e-02
2.112415568432212884e-02
2.112588629724760497e-02
2.112779759585282913e-02
2.113534804383495821e-02
2.113522657926196480e-02
2.113400869009248936e-02
2.112614381008077330e-02
2.112769046231920134e-02
2.112222103627137484e-02
2.112452630621959940e-02
2.112649904630836337e-02
2.113009851541299000e-02
2.111774794365316177e-02
2.112311237267479325e-02
2.111999375934183257e-02
2.112088566229169961e-02
2.112052725517558904e-02
2.111746145056507540e-02
2.111436469689072226e-02
2.111879173585793149e-02
2.111044706566731280e-02
2.110989587480309113e-02
2.112043236224502019e-02
2.111782366391940641e-02
2.111866314616348342e-02
2.111790166340338573e-02
2.112046571894355199e-02
2.112361410067579992e-02
2.112539757182416503e-02
2.112675980044523283e-02
2.112897886210934884e-02
2.111384520074619311e-02
2.112095104607046928e-02
2.112677897387015002e-02
2.112724087045929691e-02
2.111908532111209102e-02
2.111436470824786318e-02
2.111319254443451421e-02
2.111359257065694231e-02
2.111709769245281518e-02
2.111709293556782510e-02
2.111484530971007370e-02
2.111814701051847876e-02
2.111229824149712248e-02
2.111045685195100594e-02
2.111124265212594928e-02
2.111055619201734554e-02
2.111154954442986953e-02
2.113840112799018553e-02
2.111918546869956392e-02
2.111385359634161338e-02
2.111286920482825791e-02
2.112887882552033289e-02
2.111163406638674744e-02
2.113039403705399208e-02
2.111646515348398340e-02
2.111485226716032504e-02
2.110823516656665580e-02
2.113480680178255605e-02
2.111572480385687234e-02
2.113310972159732418e-02
2.111360117456253724e-02
2.112420876822557192e-02
2.111262246666532894e-02
2.113358858179220992e-02
2.111343389328361811e-02
2.111446142035004747e-02
2.112160529447072721e-02
2.112004228886777898e-02
2.111646495719140051e-02
2.111654105854687824e-02
2.110964414609272852e-02
2.111554538062213049e-02
2.111434435016300293e-02
2.111521011271899270e-02
2.111646975206343813e-02
2.111797709679899895e-02
2.112205067068411921e-02
2.112176776759429678e-02
2.112542091232268854e-02
2.112254033646973964e-02
2.112547826980118101e-02
2.112954234688495248e-02
2.112506014049108857e-02
2.113388068056150718e-02
2.112582506143834138e-02
2.113410121905416952e-02
2.112662367234148519e-02
2.113285542553607413e-02
2.113355116053310112e-02
2.113451669284965861e-02
2.113322015180603766e-02
2.113386208371528796e-02
2.113351440022872077e-02
2.112873594759666351e-02
2.112417220979190269e-02
2.111567068115957624e-02
2.111129695587722968e-02
2.111083175517446120e-02
2.112968989718789006e-02
2.112875763425038286e-02
2.113233166789350859e-02
2.112914493172728461e-02
2.112530506992109022e-02
2.112012264866313174e-02
2.112185872264554440e-02
2.112183926765410016e-02
2.112572164641937644e-02
2.111064310710848713e-02
2.110986158994365702e-02
2.110934031323172255e-02
2.110867367986892298e-02
2.110840926430261610e-02
2.110849664260878306e-02
2.110827097469699168e-02
2.110796157901881007e-02
2.110831019451965204e-02
2.110867672038072018e-02
2.110905857164360744e-02
2.110842163031026106e-02
2.110828884133753025e-02
2.110814606488954984e-02
2.110751423394297346e-02
2.110833286405243772e-02
2.110814370173005189e-02
2.110837514346713961e-02
2.110805146128884660e-02
2.110818311981658979e-02
2.110907294011282742e-02
2.110840043477336253e-02
2.110830262440732685e-02
2.111005790493600612e-02
2.110872097103200576e-02
2.112791582345621699e-02
2.113601854407311589e-02
2.113783362279710726e-02
2.111096637679861845e-02
2.112733017619720932e-02
2.111189021824144349e-02
2.110880403261065907e-02
2.112091109234004449e-02
2.113783225062245211e-02
2.114300741206859638e-02
2.110745969357799567e-02
2.114534486991105286e-02
2.112362756997427857e-02
2.112653616689454464e-02
2.112568739621504058e-02
2.112519798269895527e-02
2.112959466777068751e-02
2.114691275201473208e-02
2.112288244822012329e-02
2.112740013930389238e-02
2.112769118418912281e-02
2.111795400438149298e-02
2.113423032585872580e-02
2.115551416596792716e-02
2.113679412531998397e-02
2.110163657924294181e-02
2.114574231066528032e-02
2.111762623847973988e-02
2.112448864698357465e-02
2.113791766480593512e-02
2.110868287523033279e-02
2.112229168600738768e-02
2.112752620020372923e-02
2.113295763765650481e-02
2.113077517615096976e-02
2.110802907407095808e-02
2.115167862153708236e-02
2.114871538966948961e-02
2.112975380232938807e-02
2.113999106697337510e-02
2.111534546826819569e-02
2.113885663425064607e-02
2.112350402024316953e-02
2.111008538842475135e-02
2.111267877505555723e-02
2.112328688622829367e-02
2.111758942892599453e-02
2.111042658092535454e-02
2.110919778173286215e-02
2.114578371614486696e-02
2.113878970658063239e-02
2.111708197133685752e-02
2.114015614603613827e-02
2.111071149296796234e-02
2.112551621925799761e-02
2.113486699117641046e-02
2.113246178111793244e-02
2.112262069387268668e-02
2.111397130025555180e-02
2.111769180500561172e-02
2.114333850491805639e-02
2.112244607450966538e-02
2.107140740805188428e-02
2.113042288332233135e-02
2.113655855660157012e-02
2.113907309426256431e-02
2.111274860764717626e-02
2.114490015153157668e-02
2.113096387515675523e-02
2.112669525469362819e-02
2.113873482805236903e-02
2.114359064997284668e-02
2.114692258677471071e-02
2.110778763682717371e-02
2.110908021782940264e-02
2.111266625486845835e-02
2.112051523016858501e-02
2.114689056932038055e-02
2.110664881256373721e-02
2.113322372925179049e-02
2.116363459709659847e-02
2.111287340792971853e-02
2.115989337730960276e-02
2.112547599703483783e-02
2.110226155334862103e-02
2.113792029405859793e-02
2.110274470595464857e-02
2.114133348195426990e-02
2.114347453511618638e-02
2.114387446003178350e-02
2.114108419761293045e-02
2.114304267753010225e-02
2.114331117308064154e-02
2.111420396732813232e-02
2.112477015383920631e-02
2.110591009981517552e-02
2.112381723254672800e-02
2.105692528088614485e-02
2.111264017305383711e-02
2.111881355104601801e-02
2.115809113536992400e-02
2.111788505001322563e-02
2.110715343133771557e-02
2.114499415149215245e-02
2.114446979789321238e-02
2.114249132158212488e-02
2.113049746906039972e-02
2.110868017120420131e-02
2.111341263136213772e-02
2.111009976798692081e-02
2.110973938070572625e-02
2.110763417312755061e-02
2.110992467816773938e-02
2.110935639058374169e-02
2.110614682274696008e-02
2.110475870787984973e-02
2.109687135601182040e-02
2.110699250787598236e-02
2.110616880178177446e-02
2.110751247418481136e-02
2.109786539163974184e-02
2.109836355617782794e-02
2.109467443500413070e-02
2.110733135474375174e-02
2.110635857612427890e-02
2.110452642406144760e-02
2.109906366960484503e-02
2.110457199021607833e-02
2.110145017098934844e-02
2.111130397454008545e-02
2.111302482769360916e-02
2.109455016250976270e-02
2.109589448085931462e-02
2.110629504720373112e-02
2.110635914126900159e-02
2.113034789225630428e-02
2.110697534541650794e-02
2.111618168513743066e-02
2.111305005185899752e-02
2.111448568104790091e-02
2.111888309513203568e-02
2.111266366552455934e-02
2.114331777145544641e-02
2.114314643378845809e-02
2.113935035702574350e-02
2.110859293813773310e-02
2.111047507779452090e-02
2.110349470333818325e-02
2.112070340962072384e-02
2.110734673245979673e-02
2.110899137101700934e-02
2.111616438073937035e-02
2.111069082799039986e-02
2.109320016463064884e-02
2.114147652174942077e-02
2.112328865135951542e-02
2.111868176234469457e-02
2.111693671227876656e-02
2.111236028766332734e-02
2.110367740317480728e-02
2.111556728120496385e-02
2.111011012832189615e-02
2.110752684989306016e-02
2.110900297646397042e-02
2.112264909323360862e-02
2.111142814463623854e-02
2.111592472713597762e-02
2.114944723710709268e-02
2.111283190105817109e-02
2.110128811679494107e-02
2.110919220661528276e-02
2.110751382412596328e-02
2.109994674931173209e-02
2.114918986335881726e-02
2.118144648271865979e-02
2.120964526788605975e-02
2.116483954196180309e-02
2.111548531986513766e-02
2.116111861492485369e-02
2.109878131106604493e-02
2.110862040430802611e-02
2.111105892766915182e-02
2.111331974407185466e-02
2.111606866744865363e-02
2.107578648366901369e-02
2.108077073952151909e-02
2.110567709630020716e-02
2.111114658416446063e-02
2.110870570706812818e-02
2.110615769965865085e-02
2.110577668020836850e-02
2.110579977408304567e-02
2.110338694634543086e-02
2.106968980250129714e-02
2.109564121624162361e-02
2.112369275519674142e-02
2.113550096274489573e-02
2.115846695214131448e-02
2.109763736773107023e-02
2.111752695274513383e-02
2.104944441510778197e-02
2.111025796058942430e-02
2.109890483300639469e-02
2.111009650607322333e-02
2.110984352975657161e-02
2.110845202583657571e-02
2.110893949712621884e-02
2.110023956813566678e-02
2.109897641475941971e-02
2.109908182062653417e-02
2.109910029184595276e-02
2.110133951934830415e-02
2.110160291378325448e-02
2.110168846514676178e-02
2.110018864350310733e-02
2.110285590497871372e-02
2.110405968758195111e-02
2.109976401707362378e-02
2.110380407319477694e-02
2.109852622922404192e-02
2.110154951145870594e-02
2.110663963746772787e-02
2.110765982045332417e-02
2.110859446527608638e-02
2.110813491802492753e-02
2.110842064759419281e-02
2.110957364609363646e-02
2.110926752822352148e-02
2.111026387756613151e-02
2.111037443366172578e-02
2.111399641179949327e-02
2.111663086768992073e-02
2.111761230756686869e-02
2.111510745282896978e-02
2.111357182113207664e-02
2.112312592759369584e-02
2.113806237867837598e-02
2.111517166300347359e-02
2.111760224858718824e-02
2.110334141019136467e-02
2.110452391527908866e-02
2.111459830514772831e-02
2.108896347513276870e-02
2.111606940638936086e-02
2.110971060741273844e-02
2.112438242485526266e-02
2.109751756943305939e-02
2.113284278892762005e-02
2.111003189477509909e-02
2.111329320812081051e-02
2.110975130183807488e-02
2.110991946071748629e-02
2.111694864657830129e-02
2.111899313272022974e-02
2.111477532237930610e-02
2.109769289854938543e-02
2.110232337838761907e-02
2.108554913207692783e-02
2.110172808802915356e-02
2.110629419964523551e-02
2.107414926844613373e-02
2.113465890879713538e-02
2.110453749811536106e-02
2.113919977427392016e-02
2.111122798170829082e-02
2.102463987930915448e-02
2.109049847537575184e-02
2.112458994804858672e-02
2.110197790321753641e-02
2.110203892894520206e-02
2.112243609538406314e-02
2.111873387575501082e-02
2.112571159951101216e-02
2.111278221442904057e-02
2.111336375912355179e-02
2.110786648202619617e-02
2.110714890994735624e-02
2.111226377453581313e-02
2.110826104527120661e-02
2.110173954005502978e-02
2.110493980547764950e-02
2.110675212210476326e-02
2.110924578547068026e-02
2.110486852169614000e-02
2.110875999766111122e-02
2.110840051043708782e-02
2.110947664984597419e-02
2.110976246857408298e-02
2.111179660251850942e-02
2.111007561477145147e-02
2.110847803762676278e-02
2.110694838647080712e-02
2.110975371873410542e-02
2.111853883528591602e-02
2.112521895526217608e-02
2.114501640720731213e-02
2.114002584220826819e-02
2.115203408914211394e-02
2.112557456519861127e-02
2.110643871342864075e-02
2.111069632214870179e-02
2.111646947784134865e-02
2.113266145930462955e-02
2.112423925575250550e-02
2.113372392698306679e-02
2.111434667458376643e-02
2.113014657094970314e-02
2.111749995598940360e-02
2.110803325475422987e-02
2.112096070018678468e-02
2.116158487996849108e-02
2.118939785569767809e-02
2.116838137401343134e-02
2.114568814404790831e-02
2.113085263193693886e-02
2.110949078262072676e-02
2.105510955210132540e-02
2.115618812483960678e-02
2.111712866738574279e-02
2.114385705924567288e-02
2.111343845376536382e-02
2.110587238017386236e-02
2.110209203415168780e-02
2.112973488896531180e-02
2.114028906015016918e-02
2.113331273256938841e-02
2.111602092152105314e-02
2.111280358133901802e-02
2.113296241156675456e-02
2.113406530414173312e-02
2.112227241126412441e-02
2.111693569566071293e-02
2.111561399363766356e-02
2.109875228297050306e-02
2.112562380460173209e-02
2.112543929054314443e-02
2.110690660961587334e-02
2.110532144357247369e-02
2.110867044642343593e-02
2.110690499490067151e-02
2.110418018436609200e-02
2.113372028153216731e-02
2.113047494672909768e-02
2.113031735631867511e-02
2.112539625772403076e-02
2.113677206710947235e-02
2.112418750224490452e-02
2.115970304033767263e-02
2.115001751957433507e-02
2.109395306022380026e-02
2.111763177511066097e-02
2.111904261325414298e-02
2.108285648124566536e-02
2.111605355510881923e-02
2.111007584125908221e-02
2.111557487393512719e-02
2.110482377887244743e-02
2.101692828615228659e-02
2.110534494164599539e-02
2.111008851673424475e-02
2.111594613958519412e-02
2.111565563507471210e-02
2.111728996645943768e-02
2.110689811892838691e-02
2.110975674036306635e-02
2.110415913793593085e-02
2.110450001493027056e-02
2.110346585825590218e-02
2.110973176941191229e-02
2.110823954729097729e-02
2.110979477919332215e-02
2.104140653268521052e-02
2.111036660853318758e-02
2.110895709785655383e-02
2.110856580344126418e-02
2.111350218922933286e-02
2.113261389919648264e-02
2.111034896151343931e-02
2.114746340347931422e-02
2.120456867063561998e-02
2.112164815897212694e-02
2.110568340540913690e-02
2.107516289900812287e-02
2.108715057961182276e-02
2.109442227841130252e-02
2.083192734780213787e-02
2.087221176277876886e-02
2.110997267306927161e-02
2.106441918708873776e-02
2.110909558171568737e-02
2.111495310862662733e-02
2.115021503254070623e-02
2.114278740384541166e-02
2.110404202236620605e-02
2.110786130313080725e-02
2.110993658692079597e-02
2.110994186267540693e-02
2.111482818049378873e-02
2.121693206685265967e-02
2.111089005991085774e-02
2.114922132319821402e-02
2.112842483915101585e-02
2.112239068144693144e-02
2.112985816241758422e-02
2.112613024470183509e-02
2.112265627318872518e-02
2.114540408882733050e-02
2.112220090754659760e-02
2.108556116448227075e-02
2.112351070361368280e-02
2.105352360036432183e-02
2.111733156455424323e-02
2.111958680404678323e-02
2.112051007121861987e-02
2.112824876779307096e-02
2.110853452191247329e-02
2.110355538071119474e-02
2.111567792758372447e-02
2.110878688091847449e-02
2.111407168400245699e-02
2.112389714335797739e-02
2.112536636834830631e-02
2.101137433171031133e-02
2.100141780659671789e-02
2.110228299960309473e-02
2.110606868319037793e-02
2.106840865962477174e-02
2.098670744075872147e-02
2.116738404680623686e-02
2.119687858026168478e-02
2.110909327420132375e-02
2.111173865140579531e-02
2.128372740772228183e-02
2.112367557804760779e-02
2.110918901646574586e-02
2.111914528085999040e-02
2.112013313335517339e-02
2.111826409669769963e-02
2.113330243358423066e-02
2.111368346872436602e-02
2.110947634123607961e-02
2.118533736786468863e-02
2.113648799336095840e-02
2.113187500326126067e-02
2.112445041912717342e-02
2.111352595651236341e-02
2.111086905182729331e-02
2.108519746504889519e-02
2.109886177285467609e-02
2.109618399089181751e-02
2.110452392386753459e-02
2.107827534737143071e-02
2.107787825076553115e-02
2.112136477848852723e-02
2.112763398830184297e-02
2.111297170384533392e-02
2.111319862515434811e-02
2.112092220839877077e-02
2.111142834066491100e-02
2.113763021972216508e-02
2.111278015066453406e-02
2.111476568284875385e-02
2.111726323326565055e-02
2.083266408200380726e-02
2.112009582169905447e-02
2.110755229934490815e-02
2.101824467399570143e-02
2.102852256171065456e-02
2.110594981526288730e-02
2.110949177035026034e-02
2.111361009731306179e-02
2.111134545895527667e-02
2.112067155397181345e-02
2.112583496622954735e-02
2.113587105808109601e-02
2.110933229786580642e-02
2.112139068910488804e-02
2.112142336614331387e-02
2.113243390103248728e-02
2.111024410010116370e-02
2.109433258140203105e-02
2.111014229762016650e-02
2.112642795111540142e-02
2.110901781545054465e-02
2.110653123924939936e-02
2.111479517247722218e-02
2.111319728952224667e-02
2.110997229297553388e-02
2.111446139418923784e-02
2.114132480839769901e-02
2.110025419282995571e-02
2.077926888736053232e-02
2.112229959552561209e-02
2.112344826831321840e-02
2.111906558030376968e-02
2.113080360715942352e-02
2.112215320447287728e-02
2.111488993143426432e-02
2.110697592687990620e-02
2.110046749827884302e-02
2.110893106160509347e-02
2.111184893808537230e-02
2.109990900896820121e-02
2.111399435633677657e-02
2.111799603970378192e-02
2.111734989819066127e-02
2.110768547947898185e-02
2.111198749174965361e-02
2.113477291788797008e-02
2.111366689377780492e-02
2.112336643039115780e-02
2.104214749938265738e-02
2.110676940451361450e-02
2.110391563396209202e-02
2.110453420777222422e-02
2.110672482186815718e-02
2.110460724584975467e-02
2.109880600499466907e-02
2.112414283519155681e-02
2.110426309014763052e-02
2.112446491083836211e-02
2.112369072192531172e-02
2.112766706725059673e-02
2.115223658519697902e-02
2.115317945736453972e-02
2.115268435600362734e-02
2.115388256015427945e-02
2.115268556071637010e-02
2.114917480912650513e-02
2.115061336746839465e-02
2.114402500433493204e-02
2.115357523121792413e-02
2.115062235500809323e-02
2.113690387685724856e-02
2.110504239837563203e-02
2.112482328272227011e-02
2.107888413623705548e-02
2.107552459624020130e-02
2.110574222169412859e-02
2.108117816612346124e-02
2.110164536810755359e-02
2.112413679517007037e-02
2.063797141213855046e-02
2.115400370840938779e-02
2.108815655591239971e-02
2.111017538500542176e-02
2.106535099453329951e-02
2.111822055326238734e-02
2.111394316990202261e-02
2.113094420697682330e-02
2.113554345665972015e-02
2.115016253825615158e-02
2.111448949860416507e-02
2.110799970218617261e-02
2.110924785156992681e-02
2.113579838223813775e-02
2.111363914639755382e-02
2.113590298314951127e-02
2.110739382414869927e-02
2.110850293963963120e-02
2.113828492352336219e-02
2.110801675844764178e-02
2.111089321950726516e-02
2.111618928339815959e-02
2.111035411615639484e-02
2.113334824057701983e-02
2.112756272137693292e-02
2.111220338486338027e-02
2.112351764591782408e-02
2.113458668057989140e-02
2.111056647994903612e-02
2.111159179419310611e-02
2.110746019531712508e-02
2.111328584132677461e-02
2.110805011972019876e-02
2.109917608603663688e-02
2.110906422757577450e-02
2.111622655088350384e-02
2.111182322089242419e-02
2.110128565474362131e-02
2.113392180157339095e-02
2.112463553608526570e-02
2.111973212591653978e-02
2.111941277527429675e-02
2.112667285900144895e-02
2.112161726509486845e-02
2.112383378772964698e-02
2.111979151375702191e-02
2.112243396365593578e-02
2.110451271171041171e-02
2.113024272477394272e-02
2.111090612756390261e-02
2.111018564922770985e-02
2.111101514472592255e-02
2.111146578845994257e-02
2.111084897831485771e-02
2.111080598054568269e-02
2.112111871620142231e-02
2.114311707469037488e-02
2.112006151372419066e-02
2.111669751753139646e-02
2.110456705886663842e-02
2.113941767904110522e-02
2.112416304710926923e-02
2.112295101637572461e-02
2.113796038013448716e-02
2.112530176648465957e-02
2.112200849454830276e-02
2.112465383851988565e-02
2.112769994697761070e-02
2.112425532589907659e-02
2.115150862582854466e-02
2.032276255548458310e-02
2.119642187392288893e-02
2.122982594653259614e-02
2.125572071485223175e-02
2.094674705387643623e-02
2.036917823330738897e-02
2.107370926853722667e-02
2.037923965640309545e-02
2.112104111469315093e-02
2.132421065080414985e-02
2.113281597292750169e-02
2.128407005452561188e-02
2.114380398343500625e-02
2.112395448869139325e-02
2.110231556275960971e-02
2.108756135838336931e-02
2.107560645658772269e-02
2.116871886559744398e-02
2.109751103451052573e-02
2.032686120158112494e-02
2.045150628727663775e-02
2.025266333674089272e-02
2.111536454740105262e-02
2.111008822894397396e-02
2.112078593034866919e-02
2.110917520947038634e-02
2.112760868452438767e-02
2.111110255314593148e-02
2.111329508843517305e-02
2.111947369943431574e-02
2.110835282774235766e-02
2.110970531721693619e-02
2.110870624872208251e-02
2.110797348203923354e-02
2.110887504548286664e-02
2.110898440908900303e-02
2.110768030929066272e-02
2.112152025004290778e-02
2.111780996844960304e-02
2.110934227433364577e-02
2.112679990661142301e-02
2.113099171248824723e-02
2.112281128116852424e-02
2.112729618372469198e-02
2.112365948436625493e-02
2.114483266489195629e-02
2.112364079735883429e-02
2.110745810562949729e-02
2.110743329702097215e-02
2.110816189435368515e-02
2.110708675740593718e-02
2.110763376134804081e-02
2.110654093237622139e-02
2.110763862682595721e-02
2.110674386141144290e-02
2.110798592553626493e-02
2.110741376131110986e-02
2.110803485511888664e-02
2.110855010787690209e-02
2.113437471744967350e-02
2.110971139061506782e-02
2.112678107042606501e-02
2.113499368241317580e-02
2.110865987888745771e-02
2.110715827973186354e-02
2.111193816354594785e-02
2.111086669360648024e-02
2.110811662311270001e-02
2.110712735286581626e-02
2.110789771024354153e-02
2.110785326234604353e-02
2.110737848415585038e-02
2.110826342432925093e-02
2.110755704302023916e-02
2.110812542630566627e-02
2.101276462775413661e-02
2.111040105538893735e-02
2.110332162450653803e-02
2.110282123699804002e-02
2.110257957375379079e-02
2.110233460257224941e-02
2.110060198536465800e-02
2.110820626632987571e-02
2.112067146977774160e-02
2.110855685535401732e-02
2.111628053111082315e-02
2.111481214972705384e-02
2.111364787341540525e-02
2.111455188820126477e-02
2.107246642991516053e-02
2.107887249642965977e-02
2.107693656325046461e-02
2.110145226060337886e-02
2.106914810490148615e-02
2.110089886551039240e-02
2.101083484427226228e-02
2.110284183477971129e-02
2.109952188271203843e-02
2.110044685919950508e-02
2.109739106833614583e-02
2.109732387231222361e-02
2.110033875178397855e-02
2.110108427900568226e-02
2.109917355448012732e-02
2.110510716965239772e-02
2.110637260575904534e-02
2.110603731307625353e-02
2.106090841658620622e-02
2.106526006687926833e-02
2.110009823196790091e-02
2.110911544369408269e-02
2.109835055280603888e-02
2.110523628837784535e-02
2.097882573503820694e-02
2.102774214362067295e-02
2.112721829647883423e-02
2.113930403386871104e-02
2.110824977664911908e-02
2.110793591624953586e-02
2.110347321796455025e-02
2.110720275272613342e-02
2.110155839192695906e-02
2.112375403720906375e-02
2.112282595829305040e-02
2.111015007504648058e-02
2.110759666648793359e-02
2.111014817512540942e-02
2.111023266095776382e-02
2.110990916645725385e-02
2.110785206291157859e-02
2.110750536289635743e-02
2.111855538376405245e-02
2.111342485768120947e-02
2.110895673490981519e-02
2.112542562860716955e-02
2.112316993010672495e-02
2.113176774558149507e-02
2.111815011084666738e-02
2.113513742391510963e-02
2.112369182968570902e-02
2.110216125379639485e-02
2.116246429816512342e-02
2.112031957895649237e-02
2.110895296470738369e-02
2.112122769236841197e-02
2.116448953139248371e-02
1.993784741625984416e-02
2.112458471095096310e-02
2.114796338178549784e-02
2.110004236418303383e-02
2.113532447376866713e-02
2.115685512537923002e-02
2.112946147762818916e-02
2.113624476175817585e-02
2.111092855423295916e-02
2.113687581989031825e-02
2.111444555386690972e-02
2.112435666928120029e-02
2.110031792992988348e-02
2.113335165343886018e-02
2.111014430295230296e-02
2.111896702412051352e-02
2.111227692715348866e-02
2.110616702863052710e-02
2.111169067887708195e-02
2.110568362657081268e-02
1.886891137380329597e-02
2.111323463009513388e-02
2.112853063415857241e-02
2.110253366807198286e-02
2.113715367866191366e-02
2.111353912407210043e-02
2.112605716218166063e-02
2.112403965039954049e-02
2.112490986102966498e-02
2.112641120074446044e-02
2.115950997535341951e-02
2.117910474923678094e-02
2.111018775281845936e-02
2.112912177960056537e-02
2.110007844625563789e-02
2.111659692447023784e-02
2.111672260890679054e-02
2.111989176850108396e-02
2.113458447387528763e-02
2.112370966385360149e-02
2.112328711703801570e-02
2.112448927932052134e-02
2.106174910877720019e-02
2.111191862654561435e-02
2.112170987173068309e-02
2.112158051432617978e-02
2.104220655342852603e-02
2.111996302160927888e-02
2.110690070550999900e-02
2.109380645492928488e-02
2.110967653257951951e-02
2.114030612997262401e-02
2.112353938198733086e-02
2.112562740011020984e-02
2.113363344935728638e-02
2.113895745596205619e-02
2.114006575713978792e-02
2.113333608315414239e-02
2.113022583256934928e-02
2.112235347645633615e-02
2.112783229427264015e-02
2.112700623581931919e-02
2.112282047775070060e-02
2.112402157886473716e-02
2.115738773845251761e-02
2.113533626034367827e-02
2.112660152394126717e-02
2.112327378264003755e-02
2.110617110320434087e-02
2.110658485943528104e-02
2.110735561032067720e-02
2.110410135950445409e-02
2.110287607581569358e-02
2.110797057061108983e-02
2.109475790577569621e-02
2.111857679746398375e-02
1.955458019856534321e-02
2.109721063642293337e-02
2.114798549845191278e-02
2.111759630108812902e-02
2.115957749337251878e-02
2.112449955757306902e-02
2.110760301980187104e-02
2.116749237996416039e-02
1.962604065187256719e-02
2.108424844515372279e-02
2.115492701250958410e-02
2.096934789913690658e-02
2.119979566435188645e-02
2.111981028972176669e-02
2.113026908576693882e-02
2.113397020683169605e-02
2.110888148648612170e-02
2.111867959977102582e-02
2.113251521343548905e-02
2.112246279158302292e-02
2.111544650114220018e-02
2.114670343695364968e-02
2.105426886657693619e-02
2.112466338155399512e-02
2.110983079588010444e-02
2.111468646021699355e-02
2.111436405011245937e-02
2.114135934776348660e-02
2.110898559622620407e-02
2.111492565774380700e-02
2.112761762276445590e-02
2.111060019627960041e-02
2.111101974577494697e-02
2.111118981653293050e-02
2.111791608326747324e-02
2.114338435315869097e-02
2.111874788280460394e-02
2.113103511655770386e-02
2.111200785004990754e-02
2.108491613618492660e-02
1.680936417032118102e-02
2.109617982403380956e-02
2.108407533895868130e-02
1.608284599717358515e-02
2.111132799649546865e-02
2.111965454211908386e-02
2.111305490790722425e-02
2.110853633220985057e-02
2.099640756602915923e-02
2.111566814167403772e-02
2.111333833771925766e-02
2.112950309424897061e-02
2.114163534267319081e-02
2.113237964252341269e-02
2.111548130182195476e-02
2.110559466384683003e-02
2.118766762936069581e-02
2.112109472146440903e-02
2.110652660496260824e-02
2.110033322587987620e-02
2.111710864342347671e-02
2.110913346480349645e-02
2.110833757917069189e-02
2.110879191268013808e-02
2.110516817179740323e-02
2.111827136466550014e-02
2.111466633691295308e-02
2.110291378021080660e-02
2.111961675529065718e-02
2.111758020210261280e-02
2.111177048884877935e-02
2.111950333585008166e-02
2.111765949873668433e-02
2.110830104230596374e-02
2.111260181547680928e-02
2.113365196888133957e-02
2.113509548935050067e-02
2.112925050017790130e-02
2.112493221908963784e-02
2.111580588829713515e-02
2.115706315325439554e-02
2.112482732961803999e-02
2.115185691109153221e-02
2.111351483500698012e-02
2.110999583765886534e-02
2.111546639832515698e-02
2.112099289858514889e-02
2.111644876278686786e-02
2.113301933057912946e-02
2.111159136386082241e-02
2.115584998436971856e-02
2.112294226507862790e-02
2.111031274590166248e-02
2.112399834729934006e-02
2.112320737255644551e-02
2.112450809194087176e-02
2.111162204467367798e-02
2.111881160858480530e-02
2.109573424919783391e-02
2.109566312238828067e-02
2.109512880325912360e-02
2.115769198883268865e-02
1.562172061938739767e-02
2.110779235326184708e-02
2.042223767393762726e-02
1.980654042764681821e-02
2.016402415518806640e-02
1.953702787186168896e-02
1.555168041412923786e-02
1.981540680184085135e-02
1.502860439203420467e-02
2.092806879253897995e-02
2.097762629183078792e-02
1.977735810626758683e-02
1.470863296221592946e-02
1.629673921218991600e-02
1.611643188461064913e-02
1.678279067380050033e-02
1.620834411546252102e-02
2.097707614504015772e-02
2.119084324336272668e-02
2.120365591576202705e-02
2.113054557963961119e-02
2.116965254723861267e-02
2.110993728087000310e-02
2.114504228498325505e-02
2.115106663125621705e-02
2.114462569969133635e-02
2.114315897038902825e-02
2.116909384550345885e-02
2.114082445606924390e-02
2.114657089685802530e-02
2.110924004935643694e-02
2.114948271849121167e-02
2.114479846396486937e-02
2.114673395085663737e-02
2.115473172536286306e-02
2.113813240468884538e-02
2.115607653457460963e-02
2.110757218612180700e-02
2.113289185455001495e-02
2.115569798004534804e-02
2.114043066471614843e-02
2.112192112856808163e-02
2.113532318343287059e-02
2.114224716874356022e-02
2.111298787566494306e-02
2.114268750325781071e-02
2.112595773366649637e-02
2.113012353512978836e-02
2.111207558702918319e-02
2.112578500046334226e-02
1.979928432933051111e-02
2.115639227475880207e-02
2.112187490953670865e-02
2.112042542773023487e-02
2.112873874735951216e-02
2.111734736562558695e-02
2.110475795657119902e-02
2.111682930721457338e-02
2.112561353775327735e-02
2.112250460199681032e-02
2.111212488112844746e-02
2.111125409691006968e-02
2.111453786401223942e-02
2.111577633186568700e-02
2.111116074261578518e-02
2.110888936622527801e-02
2.111282904999453938e-02
2.112861535297978766e-02
2.111135191708941178e-02
2.113434345996807392e-02
2.112877485263013611e-02
2.112904901852714207e-02
2.111141734627424577e-02
2.112269103918961582e-02
2.111978583882337390e-02
2.112096954395804166e-02
2.111024681113266022e-02
2.111077777071039899e-02
2.112320563743362925e-02
2.111216129637927263e-02
2.111413506321511979e-02
2.114723773324785061e-02
2.113862601935277002e-02
2.110751726867773903e-02
2.110788583967704649e-02
2.112163897337173551e-02
2.111645507328146348e-02
2.112745026008131313e-02
2.113835861420323634e-02
2.112364895128326578e-02
2.112497943700776537e-02
2.116285867957883732e-02
2.113938945298003691e-02
2.112643399218619433e-02
2.111694659597804224e-02
2.110611093031210250e-02
2.110401200752936440e-02
2.112255373138317155e-02
2.112464588659838244e-02
2.111408675510137445e-02
2.113949104762662817e-02
2.113151621154182869e-02
2.115711128042575134e-02
2.110667322513257518e-02
2.115110079651384006e-02
1.641527426700486667e-02
2.107571901449661195e-02
2.110773945620201750e-02
2.112062970340575913e-02
1.650896599709153131e-02
2.111077501653128852e-02
2.115099391645169566e-02
2.113172108365012070e-02
2.110865850157814944e-02
2.115625151026102532e-02
2.114694169952359426e-02
2.108962146107554864e-02
1.972095942170129859e-02
2.112744132148588680e-02
2.112192349144359146e-02
2.113773734547354233e-02
2.112403657239994917e-02
2.111019418878296028e-02
2.110681549708547447e-02
2.114807813496725683e-02
2.110923834208366240e-02
2.115252598710267579e-02
2.111969074827434525e-02
2.112726084234853655e-02
2.112963180026621035e-02
2.110187623913546348e-02
2.109794737979618640e-02
2.114854465228400981e-02
2.111329056260530246e-02
2.112443092300426636e-02
2.114105312063705583e-02
2.113581451791664984e-02
2.113114253733626088e-02
2.113967914429227754e-02
2.113292868389181345e-02
2.111068987499728489e-02
2.113609543572816940e-02
2.110644799981772554e-02
2.122332793536558723e-02
2.113984829772964230e-02
2.115065892335028785e-02
2.114000467444373046e-02
2.114279326055358565e-02
2.116868632342034512e-02
2.114218540897965654e-02
2.113549472396690498e-02
2.114920503526160345e-02
2.114537325570961523e-02
2.114974322371246038e-02
2.112701613858683838e-02
2.113003308814470627e-02
2.112558153595492372e-02
2.113546013172224944e-02
2.112548886468758325e-02
2.111040552317257693e-02
2.111665111107259227e-02
2.114501747743603721e-02
1.980569615947294290e-02
2.110262452557286686e-02
2.112310776955801661e-02
2.112214344828788892e-02
2.110968808001878819e-02
2.111573915263797660e-02
2.113133377211508235e-02
2.113212018205196108e-02
2.113330599531796847e-02
2.114093878803674498e-02
2.113303167868944843e-02
2.112813072195401584e-02
2.113350257002220844e-02
2.112587225779109096e-02
2.113330030172416718e-02
2.112639655247599765e-02
2.112152672554623231e-02
2.112107949889318464e-02
2.113156822101755483e-02
2.113387352808810890e-02
2.113341707135438230e-02
2.112197177517567692e-02
2.112035645885227894e-02
2.112226524785279502e-02
2.111578034439977325e-02
2.111471970944595392e-02
1.969220949175946866e-02
2.116366907238176331e-02
2.118234375578127368e-02
2.111176823898038013e-02
2.116698369853135461e-02
2.017417783545852328e-02
2.116353413225875377e-02
2.110090300448819178e-02
2.109858353743693238e-02
2.110215937593812666e-02
2.111074963705649246e-02
2.110667601051494785e-02
2.111727547791898002e-02
2.111824866647808024e-02
2.114753151397365943e-02
2.132761256708934697e-02
2.110900258198122881e-02
2.110723415814426407e-02
2.111298037413654460e-02
2.111277356431738236e-02
2.112866237857051813e-02
2.112605576128007145e-02
2.112073487165917057e-02
2.114551015681027241e-02
2.113464012818119797e-02
2.114735966613967566e-02
2.110585281292031573e-02
2.113437397359514344e-02
1.961635875443507038e-02
2.109030442964637819e-02
2.110717945598042378e-02
2.111249536058190657e-02
2.113888786238862089e-02
2.110910487480388564e-02
2.112096178694221338e-02
2.111844265989239536e-02
2.111185391894944419e-02
2.111107564898527522e-02
2.111027283270832181e-02
2.112236085842043171e-02
2.110624748387319310e-02
2.018135171825027191e-02
2.113297595070464177e-02
2.110996802139583628e-02
2.110909742126788544e-02
2.111392360524765033e-02
2.111872758418373297e-02
2.113573095114980663e-02
2.112698549361754705e-02
2.110811067856671261e-02
2.110755517094918543e-02
2.110949661264084273e-02
2.111992592658676685e-02
2.110990777871431939e-02
2.110193697587256847e-02
2.110379996872048525e-02
2.109514732906081491e-02
2.111977078028278929e-02
2.112706177537604021e-02
2.114126454022595414e-02
2.112028101751364101e-02
2.113065622775961785e-02
2.110566888215617207e-02
2.109998024576523190e-02
2.111037641385626884e-02
2.112326523072416418e-02
2.110875001228654235e-02
2.108366877988622490e-02
2.110036522835350217e-02
2.110199057258013711e-02
2.112716273137765777e-02
2.111103674801145802e-02
2.114472329394777653e-02
2.111350165264172865e-02
2.109955460311372169e-02
2.110609919295068637e-02
2.110699402151814882e-02
2.110283491323051638e-02
2.109977412153274390e-02
2.109263158439835320e-02
2.109962355600099315e-02
1.483887488041313145e-02
2.110837888609696719e-02
1.594295939144917476e-02
2.111298984357937170e-02
2.110276567967148131e-02
2.113763094239218612e-02
2.107587117039644298e-02
2.108650886881053427e-02
2.111487057110130253e-02
2.110554903651419567e-02
2.109293091922847738e-02
2.110367237166045629e-02
2.111554385900605083e-02
2.112818901657970150e-02
2.110788569536536582e-02
2.111121193231350196e-02
2.111054003274881810e-02
2.110836480405066037e-02
2.109170491252218560e-02
2.110852894359150494e-02
2.110894124515161341e-02
2.111541770381027833e-02
2.110837747273621584e-02
2.112102364091331813e-02
2.111974098975608755e-02
2.111081572888489147e-02
2.111547317467948534e-02
2.110384419959314070e-02
2.110936638305986601e-02
2.111706102056211745e-02
2.111809450627345069e-02
2.110897767984959428e-02
2.110895927096298821e-02
2.110784500451674817e-02
2.110973324140058907e-02
2.110807001608003275e-02
2.110870595700435962e-02
2.110674563727112443e-02
2.110884272747222748e-02
2.111123877073774191e-02
2.109380472804171791e-02
2.110241109773847504e-02
2.110748059822193518e-02
2.110654042147240214e-02
2.112387480450571633e-02
2.110976037123421523e-02
2.110860444753567475e-02
1.619150210213627511e-02
2.110927177970294000e-02
2.113738049075565562e-02
2.111289619971858447e-02
2.110973533201835478e-02
2.109527732647788895e-02
2.110768268127702352e-02
2.110716553466865722e-02
2.110790793557364153e-02
1.570190959007174841e-02
2.110892870625783249e-02
2.111520226825517113e-02
2.111054278805074569e-02
2.113641640117758930e-02
2.109825445525157633e-02
2.110714091352326738e-02
2.110712896680185663e-02
2.110689519200364961e-02
2.110739250386458460e-02
2.110776512369485006e-02
2.110863612828406052e-02
1.578760483476574980e-02
2.110629326617622856e-02
2.110507619329911322e-02
2.110863586856407542e-02
2.109585224924629895e-02
2.112034025082817207e-02
2.110417899888109711e-02
2.109939971493361016e-02
2.111826696868463957e-02
2.110658095035023579e-02
2.110415226983217152e-02
2.110768829661691451e-02
2.110529966332482660e-02
2.110627579610639681e-02
2.109877544399219734e-02
2.110728242162518073e-02
2.110849638696348646e-02
2.111178690581931583e-02
2.111354442308442658e-02
2.110731470445251223e-02
2.109665912213229411e-02
2.115732987224424461e-02
2.114426332599052619e-02
2.110889176336432083e-02
2.110710873056203044e-02
2.110438088986496194e-02
2.113796943889984653e-02
2.110540788698015563e-02
2.113363439805367519e-02
2.109873096198277079e-02
2.110992982375863372e-02
2.111074797587445331e-02
2.110944704492226029e-02
2.111021395896634303e-02
2.111339597364413762e-02
2.110794321145292862e-02
2.110867754685749609e-02
2.110886609123147073e-02
2.110856210704394054e-02
2.110621058171239378e-02
2.109959315852678180e-02
2.110375772814092332e-02
2.111530031594209544e-02
2.110124569343145573e-02
2.112172187112683341e-02
2.111443817630567765e-02
2.110821240025504211e-02
2.109534739032830480e-02
2.110914291191270942e-02
2.110577318997544985e-02
2.110742629048832641e-02
2.111797196542969379e-02
2.111366262037970079e-02
2.109464248086851193e-02
2.110521687497937324e-02
2.110566895521416228e-02
2.108426994141901489e-02
2.113781814009109417e-02
2.111939336029000983e-02
2.110840535317245678e-02
2.110497636700636725e-02
2.110134381101220341e-02
2.110877739980862935e-02
2.110738713399966729e-02
2.111041464656265854e-02
2.110422610795386830e-02
2.110735391144186179e-02
2.110800529546506821e-02
2.108515090093872335e-02
2.110919784435913091e-02
2.112850018322400686e-02
2.111997773331396669e-02
2.110968175620828169e-02
2.110618879291038461e-02
2.109975528044769760e-02
2.110453483781838876e-02
2.110114136904034376e-02
2.110661706563750351e-02
2.110322987768529363e-02
2.111332394957063374e-02
2.112696408459666109e-02
2.113818929224992732e-02
2.112032973121642787e-02
2.110044764217343383e-02
2.110912892197541052e-02
2.110492402615361113e-02
2.114219028775388837e-02
2.110227256797839179e-02
2.113931448566496590e-02
2.112022801796140450e-02
2.110765972616621480e-02
2.114960205437801596e-02
2.113056441692740331e-02
2.114184795351022397e-02
2.111182605915094129e-02
2.111336397708040227e-02
2.111998842083228842e-02
2.122505693482605246e-02
2.112548475995408570e-02
2.110773131277625392e-02
2.110628167153898518e-02
2.111304345158348042e-02
2.112410728224974402e-02
2.110732564545276385e-02
2.112911540976583971e-02
2.112376204009563593e-02
2.112467175173241701e-02
2.110785297304835356e-02
2.116418725153096023e-02
2.111344948038994251e-02
2.110938442542489857e-02
2.115167272500688769e-02
2.110890473427326150e-02
2.111368882940566072e-02
2.111308211024704937e-02
2.111682198094875368e-02
2.112290099293864451e-02
2.112665311032702053e-02
2.111344919828413505e-02
2.114582124492339621e-02
2.110202406216521442e-02
2.111826893314205228e-02
2.111632303337586392e-02
2.110935220064407911e-02
2.110987133668222604e-02
2.111018973060624360e-02
2.113013652684956820e-02
2.112205337002072067e-02
2.112336886863667995e-02
2.110709816990286036e-02
2.113855615111283337e-02
2.111385368841599275e-02
2.110798813898255577e-02
2.110699707616918094e-02
2.111079293759132031e-02
2.113407301162909674e-02
2.111069442675929039e-02
2.111100171824611266e-02
2.110732412674890326e-02
2.111407174887505039e-02
2.112875384113106422e-02
2.110653873732596178e-02
2.110696039541212071e-02
2.111275067885885065e-02
2.112114060725865661e-02
2.111617600957902546e-02
2.117031096007789687e-02
2.113841124321100967e-02
2.113668938326429547e-02
2.110579897875689004e-02
2.116308521343150326e-02
2.112665384974232383e-02
1.968720808947954301e-02
2.111822716950827183e-02
2.110755615449566580e-02
2.111593248800512981e-02
2.110038653712087431e-02
2.114801352607502405e-02
2.114166218868539227e-02
2.111487025979149126e-02
2.113811534670081288e-02
2.111421253172554927e-02
2.113613623809169895e-02
2.111421400850400920e-02
2.110902553581981908e-02
2.114575613491113601e-02
2.112201140542491890e-02
2.109843772085411712e-02
2.114180195268271223e-02
2.110621746338396318e-02
2.114197940075951063e-02
2.113805747514569539e-02
2.110555219519320153e-02
2.113799564120675059e-02
2.112455729739232124e-02
2.110720826500136690e-02
2.112401402264063935e-02
2.112331128647471079e-02
2.112337998605687966e-02
2.110817633482997557e-02
2.112335917894235873e-02
2.112265276454086335e-02
2.112490372282065099e-02
2.113065730376630785e-02
2.114597950607127741e-02
2.110686029240617378e-02
2.112796179635091295e-02
2.115754007794904898e-02
2.112218765144687274e-02
2.111461994712646173e-02
2.112920634536681608e-02
2.113508190095492179e-02
2.111644034299506312e-02
2.112721707269198113e-02
2.112822290174591958e-02
2.113599051281857266e-02
2.110466828860678434e-02
2.111137993504354562e-02
2.113904904539399762e-02
2.113145942017589929e-02
2.109674310410237022e-02
2.111061126209387920e-02
2.112793773034020092e-02
2.111259835445175245e-02
2.110832513140437419e-02
2.111571864269018092e-02
2.112432372263235020e-02
2.113367265998615172e-02
2.111066361770090258e-02
2.113251382722486707e-02
2.111653352959126997e-02
2.113606751882063373e-02
2.114444597176540902e-02
2.110369708823420579e-02
2.110745880486177353e-02
2.111120647637727832e-02
2.114328582481906152e-02
2.112058137884367456e-02
2.111108031144722647e-02
2.113722156603249983e-02
2.110713420228602089e-02
2.111579675346354767e-02
2.114463107562462862e-02
2.112590358866568707e-02
2.112558240248711000e-02
2.110995736423720154e-02
2.113642841083355345e-02
1.278626157652294239e-02
2.112212694617387684e-02
2.113455890008516039e-02
1.284590103544012984e-02
2.113494951366792080e-02
2.112023510055453454e-02
2.113187206429860410e-02
2.111372737226477683e-02
2.110754736814094215e-02
2.110849314739748558e-02
2.112583317546662745e-02
2.111381429456147055e-02
2.110773152176256481e-02
2.110932747119285968e-02
2.110739665479547181e-02
2.112151749057596464e-02
2.112435083292078450e-02
2.110879422044098508e-02
2.111040037958171467e-02
2.110834874590056254e-02
2.110870537984750953e-02
2.110823789711406898e-02
2.111205818564299008e-02
2.110829881308491640e-02
1.270264208400135979e-02
2.110849244294701887e-02
2.111141392723923232e-02
2.111347715199814179e-02
2.110860616844615137e-02
2.111308807086688735e-02
2.111522644265263760e-02
2.112394798861889911e-02
2.115110187654617793e-02
2.112621266452578001e-02
2.110601244680705008e-02
2.110876261789891573e-02
2.112823302474944528e-02
2.110300069497129949e-02
2.113985470900615199e-02
2.112182732421764852e-02
2.111884328336697744e-02
2.112534439562530758e-02
2.112962228719881055e-02
2.111117556440623641e-02
2.115647907224607605e-02
2.112117606432325698e-02
2.112300807360811133e-02
2.115135434845723250e-02
2.115574363263504620e-02
2.115263444910084334e-02
2.111231892210035932e-02
2.114129780218972424e-02
2.111919529596829881e-02
2.117337780088138915e-02
2.112175078471136003e-02
2.110565094174367273e-02
2.111341098924805759e-02
2.115415305833051596e-02
2.111181972451350863e-02
2.111203835802306916e-02
2.112981046057080259e-02
2.112286959987502710e-02
2.113029308421674954e-02
2.110210263242921769e-02
2.113313005874621273e-02
2.114760337562349157e-02
2.112508908898210608e-02
2.111007181351151618e-02
2.111716563990470585e-02
2.112194385181220130e-02
2.112806311166446488e-02
2.113846558017250590e-02
2.113269151101105497e-02
2.112963364323021398e-02
2.113308679285330616e-02
2.112348263966205841e-02
2.112233694677829662e-02
2.114223837338531642e-02
2.111078698191185335e-02
2.113793801753726526e-02
2.112258707301602548e-02
2.111124457676209765e-02
2.113726197533694062e-02
2.110718923581210438e-02
2.115393037168347701e-02
2.115910374208658518e-02
2.110763112668482752e-02
2.110336247556199307e-02
2.113928912496006174e-02
2.112186629639095647e-02
2.113083230888369857e-02
2.112057256120201953e-02
2.115319852617064678e-02
2.110761035390036622e-02
2.114059299491333199e-02
2.113333313267744262e-02
2.111031543242259528e-02
2.113768764432651104e-02
2.111940548608950627e-02
2.111558076758702704e-02
2.113164008963669405e-02
2.115784649970295708e-02
2.114011807104811819e-02
2.111939999739200630e-02
2.113677207349469109e-02
2.109870089383518443e-02
2.114098247830230662e-02
2.111552287674300921e-02
2.113944504228627841e-02
2.111782512800778125e-02
2.112348401043020671e-02
2.114188535580310835e-02
2.110510185272691797e-02
2.111917474866713273e-02
2.110559601761737361e-02
2.111285617621990948e-02
2.111915774447185173e-02
2.109292261322353798e-02
2.112089162165822417e-02
2.114268864034376041e-02
2.111871866689848248e-02
2.110157643735837557e-02
2.110142582247988285e-02
2.110058947866623805e-02
2.110352123166353219e-02
2.110983618585060909e-02
2.110523852911518061e-02
2.113435224617491240e-02
2.110446933246852910e-02
2.109802572356307693e-02
2.109646296137349109e-02
2.112453716611148793e-02
2.109872841385519726e-02
2.109823329150444654e-02
2.109992355286902446e-02
2.110035488960084957e-02
2.109436017693918156e-02
2.109618422514790079e-02
2.110638994859169101e-02
2.113405536735525961e-02
2.111871806592604747e-02
2.109239690379700535e-02
2.108876329736956295e-02
2.110744657006437264e-02
2.109118641977554554e-02
2.113675017697255742e-02
2.108882899199148245e-02
2.112439970067703232e-02
2.109702123614592972e-02
2.111647697016920400e-02
2.115530934101670160e-02
2.114375310263969313e-02
2.113322096116672377e-02
2.113241109584732685e-02
2.111387858734802003e-02
2.115135720395720093e-02
2.115101606819658545e-02
2.111841738847630712e-02
2.117519448804701734e-02
2.109652543058760168e-02
2.112096643200675472e-02
2.116443352883257828e-02
2.110490671156646514e-02
2.109398530169117811e-02
2.112475048647256826e-02
2.115175557567364542e-02
2.111501718458779625e-02
2.114178435009972726e-02
2.110507090010495593e-02
2.112661062527653594e-02
2.111072876874953846e-02
2.111405333430577125e-02
2.110590427954116624e-02
2.112589913031902300e-02
2.110410602367492061e-02
2.111057441041579510e-02
2.112195997330230945e-02
2.112071142511874611e-02
2.112482623639766466e-02
2.115391938812433842e-02
1.537015214492825667e-02
1.532777088377960430e-02
1.970062200167230215e-02
1.251670257805159031e-02
1.479653291213097778e-02
1.247288861733411580e-02
1.924531979352756342e-02
1.249088750462832090e-02
1.258414713103818763e-02
1.252176441134204322e-02
1.302540439212090950e-02
1.571080155797465946e-02
2.101481942765051972e-02
2.108803454578245251e-02
2.110404662601898795e-02
2.110654788221674738e-02
2.110729469222287491e-02
2.110732232821008192e-02
2.110732958021203573e-02
2.110733147415949640e-02
2.110733105351123712e-02
2.110733150683284307e-02
2.110733121538852994e-02
2.110733024049136694e-02
2.110733104816518713e-02
2.110732980987312102e-02
2.110732991256864671e-02
2.110732878457850792e-02
2.110732573422152702e-02
2.110732623907285790e-02
2.110731437884973138e-02
2.110722911932657112e-02
2.110727326013305330e-02
2.110730970135039908e-02
2.110734627768641458e-02
2.110705196521299454e-02
2.110696358758221841e-02
2.110730753975510743e-02
2.110718224195124934e-02
2.110727903848861123e-02
2.110753756206815157e-02
2.110668385957548132e-02
2.110796379402306300e-02
2.110728339817908444e-02
2.110730123972358319e-02
2.110711173342448219e-02
2.110619596871978962e-02
2.110649141819461935e-02
2.110721917769971950e-02
2.110117466116131005e-02
2.110661892184491004e-02
2.108816473818344098e-02
2.111017394036382791e-02
2.110708175501480044e-02
2.110499445298003734e-02
2.110585951044236311e-02
2.110442714225091443e-02
2.111466796658818812e-02
2.110293374341236025e-02
2.107625522794431827e-02
2.110839434978266371e-02
2.110758387441402650e-02
2.102300402429201423e-02
2.109350834453031787e-02
2.111280235755567600e-02
2.110022783483959941e-02
2.109040807770395237e-02
2.106725848701276535e-02
2.110335798948274888e-02
2.110092135782593373e-02
2.112772064904566705e-02
2.111863563359357709e-02
2.110450878375622411e-02
2.110867630221222035e-02
2.110726547555904359e-02
2.110733086107330347e-02
2.110733042171409127e-02
2.111130601507980875e-02
2.113110840164313109e-02
2.114829922842674514e-02
2.110853809591444960e-02
2.110733082308224873e-02
2.110589559235585833e-02
2.111425897996967865e-02
2.109880741012630165e-02
2.104004809171507173e-02
2.105127725821022422e-02
2.110065847036689257e-02
2.109701923742539342e-02
2.096674168124548418e-02
2.110377588663869819e-02
2.108871061403696373e-02
2.110022173956481797e-02
2.109680665045842937e-02
2.110485243013313084e-02
2.110732694511896143e-02
2.112836646809227586e-02
2.103064647160331202e-02
2.112988600906198083e-02
2.110774158520277444e-02
2.107459556008035861e-02
2.107145631574659783e-02
2.108951497693245178e-02
2.091131461737125163e-02
2.107910793756183690e-02
2.110723159842563604e-02
2.110733936518940923e-02
2.110733124225020949e-02
2.110733195477333679e-02
2.110718842218238869e-02
2.087738945214183059e-02
2.111064073886957659e-02
2.110746176052986922e-02
2.110729378969505854e-02
2.106100268006268553e-02
2.110703803328429704e-02
2.077927750513912375e-02
2.108312505060381745e-02
2.099720869889211416e-02
2.109833993101193836e-02
2.110733136934606416e-02
2.086457189188507116e-02
2.110734292274288673e-02
2.108792880197722652e-02
2.110733014358099832e-02
2.110733040565322682e-02
2.103880003364075324e-02
2.110730631808465513e-02
2.056467488985359512e-02
2.089673692496490237e-02
2.102606137089237104e-02
2.109280933710830364e-02
2.120132125809123455e-02
2.112975399408148491e-02
2.110766017536433448e-02
2.112302936979168488e-02
2.110304854429024407e-02
2.110351960311639477e-02
2.110697088069292751e-02
2.110129346628285274e-02
2.105859488595819562e-02
2.110732635649810451e-02
2.110724918640383141e-02
2.110652837187274034e-02
2.101007306836139010e-02
1.741559148814786004e-02
2.090483419471459575e-02
2.122447883034237620e-02
2.080593647335056418e-02
2.085287214843845743e-02
1.919897125903874749e-02
2.110155109029225942e-02
2.110735097886570766e-02
2.109849551410901761e-02
2.114148930067667742e-02
2.110806086774168894e-02
2.110732910148478692e-02
2.110733052606166352e-02
2.098300682163870348e-02
2.110732694511896143e-02
2.098405122636399014e-02
1.902096883422152440e-02
1.580093118590339060e-02
1.640862139115993601e-02
1.538546652765659245e-02
1.755541277610756304e-02
1.696884784408213276e-02
1.530373029718374439e-02
2.108370329754277045e-02
2.110204427242935027e-02
2.109604007122266658e-02
2.105291979557274984e-02
2.110615032418478032e-02
2.110885975969045356e-02
2.125158242097205732e-02
2.109888893142829874e-02
2.106035882273476351e-02
2.107351929003049157e-02
2.109817411694314346e-02
1.996388213445639270e-02
1.484580445996911552e-02
2.105992888039111624e-02
2.100897811840471419e-02
2.110704870081288320e-02
2.110725695493700579e-02
2.110676538128535007e-02
2.110732445025183257e-02
2.110585097814695818e-02
2.110704275194552615e-02
2.110725062343632788e-02
2.110733109959198397e-02
2.110755929172316095e-02
2.108463799723556825e-02
2.110534952571506070e-02
2.110738822551284921e-02
2.110577003583000502e-02
2.110818349726557852e-02
2.110579719397334686e-02
2.110706170286324318e-02
2.111392331405771705e-02
2.124598523171495473e-02
2.110690329292487510e-02
2.110794318145541720e-02
2.110636219488582974e-02
2.110392700560587143e-02
2.110168515691820609e-02
2.110644254808021272e-02
2.110733031029564041e-02
1.534938860729773841e-02
2.110726943990604010e-02
2.110733165303232961e-02
2.110733130680103597e-02
2.110727992851981275e-02
2.110733730963261848e-02
1.524459424936228102e-02
2.110733022065526543e-02
2.110733105453688543e-02
2.110733056553716278e-02
2.110731344200758933e-02
2.110810127207980377e-02
2.110720962738301884e-02
2.110731191893035208e-02
2.110721236987483929e-02
2.110754071810704360e-02
2.110715253317527185e-02
2.110731886172345639e-02
2.110711870707431687e-02
2.110733100641801543e-02
2.110310793198354185e-02
2.110733115899041806e-02
2.110323253076460195e-02
2.114155517114527441e-02
2.110733075477516305e-02
2.110601040731488465e-02
2.110644529554799032e-02
2.110968788389275611e-02
2.108790448449360602e-02
2.110712121071836589e-02
2.110750642264913601e-02
2.110261068494735312e-02
2.105375645554967423e-02
2.110635118400872381e-02
2.110079973984124030e-02
2.109429661400896369e-02
2.124845095412797660e-02
2.110724597761741428e-02
2.110731605926392807e-02
2.110732967408171512e-02
2.110594026698677655e-02
2.110732960867088906e-02
2.103306780368739345e-02
1.774997561186695064e-02
2.110733130680103597e-02
2.110733061994617132e-02
2.110732841199441934e-02
1.630856730954615905e-02
2.110581604737381614e-02
2.110729972880159844e-02
2.110733361858112625e-02
1.909946694034924536e-02
2.110727168586363708e-02
2.110724050769482302e-02
2.110732866581794751e-02
2.110733130680103597e-02
2.110731562971447303e-02
2.110642857044106591e-02
2.110585210179539289e-02
1.239068068898138177e-02
1.541120904720311852e-02
1.587411325440537396e-02
1.442925895382210326e-02
