1.902441785205155665e-04
1.902441785205155665e-04
1.544317929074168205e-04
1.544317929074168205e-04
1.494060416007414460e-04
1.494060124969109893e-04
1.546153362141922116e-04
1.904816308524459600e-04
1.599997340235859156e-04
1.599997340235859156e-04
1.902441959828138297e-04
1.544318074593320489e-04
1.028996222885325578e-04
1.902441959828138297e-04
1.544318074593320489e-04
8.632616121321915208e-05
8.632616121321915208e-05
1.599997340235859156e-04
1.599997340235859156e-04
1.904816133901476697e-04
1.546053681522607803e-04
1.035905696824192826e-04
1.035906058922409769e-04
1.544317638035863638e-04
1.902442483697086464e-04
1.599997340235859156e-04
1.599997340235859156e-04
1.904816308524459600e-04
1.546053536003455520e-04
8.632618384435770595e-05
8.632622910663485436e-05
1.544318365631625056e-04
1.902442134451120929e-04
1.599997340235859156e-04
1.599997340235859156e-04
1.904816483147442232e-04
1.546053536003455520e-04
7.193854940123854810e-05
7.193866255693137169e-05
1.544424303574487567e-04
1.902441785205155665e-04
1.599997340235859156e-04
1.599997340235859156e-04
1.904817007016390399e-04
1.546053972560912371e-04
8.632630454376338987e-05
8.632617630064487273e-05
1.544425758766010404e-04
1.902442658320069367e-04
1.599997340235859156e-04
1.599997340235859156e-04
1.904812990687787424e-04
1.546053827041760087e-04
7.193902716971933169e-05
7.193810935132203903e-05
1.544422411825507879e-04
1.902444404549896771e-04
1.599997340235859156e-04
1.599997340235859156e-04
1.904814911540597731e-04
1.546052226331084967e-04
7.193849910981952895e-05
7.193848653696475722e-05
1.544423139421269298e-04
1.902439689729362726e-04
1.599997340235859156e-04
1.599997340235859156e-04
1.904812990687787424e-04
1.546054554637521505e-04
7.193795847706495447e-05
7.193810935132203903e-05
1.544424303574487567e-04
1.902443182189017534e-04
1.599997340235859156e-04
1.599997340235859156e-04
1.904815086163580363e-04
1.546054263599216938e-04
7.193809049203991532e-05
8.632519561797378919e-05
1.544423721497878432e-04
1.902442483697086464e-04
1.599997340235859156e-04
1.599997340235859156e-04
1.904815260786562995e-04
1.546053099445998669e-04
8.632520316168664951e-05
8.632553508505224639e-05
1.599997340235859156e-04
1.599997340235859156e-04
1.904816308524459600e-04
1.546053099445998669e-04
7.193832937628029357e-05
7.193851796910166621e-05
1.544318365631625056e-04
1.902442483697086464e-04
1.599997340235859156e-04
1.599997340235859156e-04
1.904815959278494065e-04
1.546053536003455520e-04
1.035916921868920238e-04
1.035911128297448060e-04
1.544317929074168205e-04
1.902442483697086464e-04
1.599997340235859156e-04
1.599997340235859156e-04
1.904816133901476697e-04
1.546053536003455520e-04
7.193788932636379805e-05
8.632539929822085538e-05
1.544318365631625056e-04
1.902441959828138297e-04
1.599997340235859156e-04
1.599997340235859156e-04
1.904815959278494065e-04
1.546053536003455520e-04
1.569315354572609067e-04
1.569314918015152216e-04
1.570369931869208813e-04
1.570369931869208813e-04
2.209911402314901287e-04
2.209910983219742591e-04
1.841540099121630083e-04
1.841539575252681916e-04
1.303005119552835822e-04
1.538151700515300035e-04
1.538152137072756886e-04
1.538151263957843184e-04
1.538150681881234050e-04
1.538150972919538617e-04
1.538150681881234050e-04
1.538150681881234050e-04
1.538150536362081766e-04
1.538150827400386333e-04
1.538153446745127439e-04
1.538148644613102078e-04
1.538150099804624915e-04
8.574992534704506397e-05
1.494068856118246913e-04
1.282793818973004818e-04
1.496205659350380301e-04
1.496204640716314316e-04
1.825115235988050753e-04
2.208411879837512818e-04
2.208411879837512818e-04
1.825357612688094378e-04
1.496207551099359989e-04
1.496206386946141720e-04
1.789765781722962694e-04
1.780085032805800330e-04
1.839679491240531098e-04
1.807073189411312396e-04
1.839679491240531098e-04
1.807073713280260563e-04
1.788440742529928576e-04
1.792684954125434052e-04
1.825115061365067850e-04
1.796915719751268463e-04
1.825115061365067850e-04
2.208411041647195697e-04
2.208411670289933335e-04
1.825357787311077009e-04
1.796916068997233998e-04
2.208411670289933335e-04
2.208412508480250727e-04
1.825357088819146211e-04
1.494069001637399197e-04
1.538150681881234050e-04
1.538151263957843184e-04
1.538150827400386333e-04
1.538151118438690901e-04
1.538151263957843184e-04
1.538151263957843184e-04
1.538150681881234050e-04
1.538151409476995468e-04
1.538149663247168064e-04
1.538151118438690901e-04
1.544317929074168205e-04
1.902442483697086464e-04
1.599997340235859156e-04
1.599997340235859156e-04
1.546053099445998669e-04
1.904815260786562995e-04
1.902442483697086464e-04
1.544317201478406787e-04
1.546053536003455520e-04
1.546053536003455520e-04
1.904815959278494065e-04
1.599997340235859156e-04
1.599997340235859156e-04
1.902441959828138297e-04
1.544318365631625056e-04
1.546054263599216938e-04
1.904815086163580363e-04
1.599997340235859156e-04
1.599997340235859156e-04
1.902443182189017534e-04
1.544317201478406787e-04
1.904815959278494065e-04
1.599997340235859156e-04
1.546053536003455520e-04
1.599997340235859156e-04
1.902442483697086464e-04
1.544318365631625056e-04
1.807073713280260563e-04
1.807073189411312396e-04
1.382968475809320807e-04
8.809247083263471723e-05
1.366666838293895125e-04
1.366667274851351976e-04
8.809246355667710304e-05
1.382970222039148211e-04
1.382968330290168524e-04
1.382970222039148211e-04
1.491472794441506267e-04
1.599997340235859156e-04
1.599997340235859156e-04
1.904816308524459600e-04
1.546053536003455520e-04
1.544317638035863638e-04
1.902442483697086464e-04
1.599997340235859156e-04
1.599997340235859156e-04
1.904817007016390399e-04
1.902441785205155665e-04
1.544317929074168205e-04
1.599997340235859156e-04
1.599997340235859156e-04
1.904816483147442232e-04
1.546053536003455520e-04
1.902442134451120929e-04
1.544318365631625056e-04
1.904816133901476697e-04
1.546053681522607803e-04
1.599997340235859156e-04
1.599997340235859156e-04
1.904816133901476697e-04
1.599997340235859156e-04
1.599997340235859156e-04
1.780085032805800330e-04
1.505060645285993814e-04
1.715491642244160013e-04
1.273978559765964746e-04
1.788440742529928576e-04
1.715491816867142916e-04
1.708831347059458440e-04
1.789765257854014527e-04
1.780085032805800330e-04
2.151222573593258717e-04
1.432553877308964446e-04
1.429576514055952430e-04
1.788440742529928576e-04
1.789765781722962694e-04
1.491471921326592565e-04
1.708830648567527370e-04
1.424026122549548745e-04
1.546054554637521505e-04
1.904812990687787424e-04
1.599997340235859156e-04
1.599997340235859156e-04
1.902439689729362726e-04
1.544319384265691042e-04
1.546052226331084967e-04
1.546053827041760087e-04
1.366666838293895125e-04
8.809247083263471723e-05
1.366667274851351976e-04
1.382968475809320807e-04
1.382970222039148211e-04
8.809246355667710304e-05
1.382970222039148211e-04
1.382968330290168524e-04
1.182080595754086971e-04
9.395964298164471984e-05
1.321387826465070248e-04
1.321387826465070248e-04
1.182080595754086971e-04
9.395964298164471984e-05
1.321387826465070248e-04
1.321387826465070248e-04
1.546053972560912371e-04
1.544319820823147893e-04
1.904812990687787424e-04
1.599997340235859156e-04
1.599997340235859156e-04
1.902442658320069367e-04
1.904814911540597731e-04
1.599997340235859156e-04
1.599997340235859156e-04
1.902444404549896771e-04
1.544316619401797652e-04
1.585368154337629676e-04
1.585368154337629676e-04
1.494060416007414460e-04
1.792874420061707388e-04
1.792874420061707388e-04
1.019445668542384736e-04
1.587346923770383000e-04
1.558560412377119010e-04
1.869978080503642494e-04
1.869312557391822349e-04
1.534250902477651824e-04
1.869312557391822349e-04
1.869977032765745889e-04
1.558561983983963782e-04
1.585368299856781960e-04
1.028018462598323724e-04
1.028996397508308210e-04
1.585368299856781960e-04
7.193846767768263351e-05
1.027940014743804512e-04
1.558559539262205308e-04
1.869978918693959615e-04
1.869311719201504956e-04
1.534251216799020778e-04
1.869311719201504956e-04
1.869978918693959615e-04
1.558559539262205308e-04
1.587346778251230717e-04
1.019449109923839172e-04
7.193792075850067994e-05
1.027956908798217570e-04
1.585368736414238811e-04
1.558559539262205308e-04
1.869979966431856220e-04
1.869310881011187835e-04
1.534250902477651824e-04
1.869312347844242865e-04
1.869979547336697524e-04
1.558559015393257141e-04
1.587346923770383000e-04
1.019436048316955202e-04
7.193852425552904530e-05
1.027956439518928341e-04
1.585368445375934243e-04
1.558560412377119010e-04
1.869979547336697524e-04
1.869312347844242865e-04
1.534251531120389461e-04
1.869312138296663653e-04
1.869979128241538828e-04
1.558559539262205308e-04
1.587347069289535284e-04
1.019434405839442969e-04
7.193866255693137169e-05
8.566281502246853507e-05
1.585368154337629676e-04
1.558557967655360536e-04
1.869979756884276737e-04
1.869310881011187835e-04
1.534252788405865550e-04
1.869312138296663653e-04
1.869978918693959615e-04
1.558560063131153475e-04
1.587347505846992135e-04
1.019432528722285917e-04
7.193858711980282263e-05
1.027962149083614074e-04
1.585368881933391094e-04
1.558561809360980879e-04
1.869975565932690859e-04
1.869312138296663653e-04
1.534253207501023704e-04
1.869312557391822349e-04
1.869978290051221707e-04
1.558559539262205308e-04
1.587344158906489611e-04
8.495411856472491908e-05
7.193902716971933169e-05
8.566281502246853507e-05
1.585370337124913931e-04
1.558559539262205308e-04
1.869981223717331767e-04
1.869309623725712289e-04
1.534251426346599991e-04
1.869313395582139199e-04
1.869975985027849555e-04
1.558558840770274238e-04
1.587345759617164731e-04
8.495302357971665479e-05
7.193849910981952895e-05
8.566293886005876899e-05
1.585366408107802272e-04
1.558561285492032712e-04
1.869977032765745889e-04
1.869315071962773442e-04
1.534251740667968945e-04
1.869313605129718683e-04
1.869981223717331767e-04
1.558556221425533132e-04
1.587344158906489611e-04
8.495408597588537385e-05
5.994842445943503705e-05
8.566192208826539428e-05
1.585369318490847945e-04
1.558560412377119010e-04
1.869979128241538828e-04
1.869312976486980774e-04
1.534254045691341097e-04
1.869311300106346531e-04
1.869978290051221707e-04
1.558558142278343439e-04
1.587345905136317015e-04
1.019457165884971050e-04
7.193809049203991532e-05
8.566290627121923731e-05
1.585368736414238811e-04
1.558559888508170843e-04
1.869976823218166947e-04
1.869312557391822349e-04
1.534250902477651824e-04
1.869311719201504956e-04
1.869979966431856220e-04
1.558560412377119010e-04
1.587346050655469298e-04
1.019452864158153276e-04
7.193794590421020985e-05
1.027957378077506528e-04
1.558561983983963782e-04
1.869977032765745889e-04
1.869312557391822349e-04
1.534250902477651824e-04
1.869312557391822349e-04
1.869978080503642494e-04
1.558560412377119010e-04
1.587346923770383000e-04
8.495320607721804573e-05
5.994876497425138625e-05
8.566304966211316313e-05
1.585368736414238811e-04
1.558560063131153475e-04
1.869978499598801190e-04
1.869312557391822349e-04
1.534251531120389461e-04
1.869313395582139199e-04
1.869978499598801190e-04
1.558559713885187940e-04
1.587346632732078433e-04
1.019429556620120710e-04
7.193867512978612986e-05
1.027956361305713357e-04
1.585368736414238811e-04
1.558559539262205308e-04
1.869978918693959615e-04
1.869311719201504956e-04
1.534252054989337628e-04
1.869312138296663653e-04
1.869978499598801190e-04
1.558560587000101642e-04
1.587346778251230717e-04
8.495431409776209558e-05
7.193788932636379805e-05
8.566289975345130387e-05
1.585368299856781960e-04
1.558388583362102346e-04
1.869765180163085526e-04
1.869232719764113350e-04
1.534251216799020778e-04
1.869272114709019412e-04
1.869869115762412375e-04
1.558471703901886940e-04
1.587346632732078433e-04
1.019449344563483855e-04
1.569349551573395729e-04
1.569373562233522534e-04
1.569386076880618930e-04
1.569386076880618930e-04
1.569386076880618930e-04
1.569373416714370251e-04
1.569349842611700296e-04
1.569314772495999932e-04
1.569349115015938878e-04
1.569374289829283953e-04
1.569386222399771214e-04
1.569386222399771214e-04
1.569386222399771214e-04
1.569373125676065683e-04
1.569349406054243445e-04
1.569314481457695365e-04
1.569349406054243445e-04
1.569373271195217967e-04
1.569386513438075781e-04
1.569386513438075781e-04
1.569385640323162079e-04
1.569374435348436236e-04
1.569350133650004864e-04
1.569314918015152216e-04
1.569347950862720609e-04
1.569373125676065683e-04
1.569387532072141767e-04
1.569387532072141767e-04
1.569385203765705228e-04
1.569373416714370251e-04
1.569349406054243445e-04
1.569349697092548013e-04
1.569372980156913400e-04
1.569386076880618930e-04
1.569386513438075781e-04
1.569386513438075781e-04
1.569373853271827102e-04
1.569349406054243445e-04
1.569314918015152216e-04
1.569348241901025176e-04
1.569372689118608832e-04
1.569386222399771214e-04
1.569386658957228065e-04
1.569386658957228065e-04
1.569374726386740804e-04
1.569349260535091162e-04
1.569314481457695365e-04
1.569349697092548013e-04
1.569373416714370251e-04
1.569384476169943810e-04
1.569386513438075781e-04
1.569386513438075781e-04
1.569373853271827102e-04
1.569350424688309431e-04
1.569314918015152216e-04
1.569349842611700296e-04
1.569373125676065683e-04
1.569386367918923497e-04
1.569386367918923497e-04
1.569386222399771214e-04
1.569373853271827102e-04
1.569348532939329743e-04
1.570364984218031168e-04
1.570334425196051598e-04
1.570374297443777323e-04
1.570374297443777323e-04
1.570358872413635254e-04
1.570333406561985612e-04
1.570375752635300159e-04
1.570375752635300159e-04
1.570360473124310374e-04
1.570333115523681045e-04
1.570376480231061578e-04
1.570376480231061578e-04
1.570360327605158091e-04
1.570333552081137896e-04
1.570376189192757010e-04
1.570376189192757010e-04
1.570359891047701240e-04
1.570333115523681045e-04
1.570375170558691025e-04
1.570375170558691025e-04
1.570359745528548956e-04
1.570333988638594747e-04
1.570375170558691025e-04
1.570375170558691025e-04
1.570359891047701240e-04
1.570333261042833328e-04
1.570375461596995592e-04
1.570375461596995592e-04
1.570361928315833211e-04
1.570330932736396790e-04
1.570369931869208813e-04
1.570365129737183452e-04
1.570333988638594747e-04
1.570373278809711337e-04
1.570373278809711337e-04
1.570359891047701240e-04
1.570333697600290179e-04
1.570375752635300159e-04
1.570375752635300159e-04
1.570359891047701240e-04
1.570333261042833328e-04
1.570374588482081890e-04
1.570374588482081890e-04
1.570360473124310374e-04
1.570335152791813016e-04
1.570374297443777323e-04
1.570374297443777323e-04
1.570359891047701240e-04
1.570332970004528761e-04
1.570376771269366145e-04
1.570376771269366145e-04
1.570359163451939821e-04
1.570332387927919626e-04
1.570375607116147876e-04
1.570375607116147876e-04
1.570359891047701240e-04
1.570333406561985612e-04
1.570375025039538741e-04
1.570375025039538741e-04
1.570362219354137778e-04
1.570330350659787655e-04
1.570369931869208813e-04
2.209890238009393226e-04
2.209937595762312347e-04
2.209937595762312347e-04
2.210016804747283166e-04
2.210016804747283166e-04
2.210021205246448528e-04
2.210021205246448528e-04
2.209949120879173105e-04
2.209949120879173105e-04
2.209865720942616408e-04
2.209940529428422408e-04
2.209940529428422408e-04
2.210014290176331802e-04
2.210014290176331802e-04
2.210024348460137801e-04
2.210024348460137801e-04
2.209910983219742591e-04
2.209891285747289560e-04
2.209936757571994955e-04
2.209936757571994955e-04
2.210015337914228136e-04
2.210015337914228136e-04
2.210018690675496892e-04
2.210018690675496892e-04
2.209948911331593893e-04
2.209948911331593893e-04
2.209865930490195621e-04
2.209940529428422408e-04
2.209940529428422408e-04
2.210015966556966316e-04
2.210015966556966316e-04
2.210023929364979104e-04
2.210023929364979104e-04
2.209911402314901287e-04
1.841539575252681916e-04
1.841506047639995705e-04
1.841447374317795038e-04
1.841404067818075473e-04
1.841425546444952488e-04
1.841473567765206099e-04
1.841520017478614937e-04
1.841547258663922603e-04
1.841548655647784472e-04
1.841548655647784472e-04
1.841519318986684138e-04
1.841474615503102433e-04
1.841425721067935120e-04
1.841403893195092570e-04
1.841447723563760573e-04
1.841505349148064906e-04
1.841540099121630083e-04
1.538151700515300035e-04
1.845781342126428918e-04
1.845780643634498119e-04
1.538152137072756886e-04
1.538151263957843184e-04
1.845781342126428918e-04
1.845781516749411821e-04
1.538151263957843184e-04
1.538151118438690901e-04
1.845781342126428918e-04
1.845780992880463654e-04
1.538150681881234050e-04
1.538150827400386333e-04
1.845780992880463654e-04
1.845780818257480751e-04
1.538150681881234050e-04
1.538152428111061454e-04
1.845782913733273690e-04
1.845780119765549952e-04
1.538153446745127439e-04
1.538151554996147752e-04
1.845781865995377356e-04
1.845781865995377356e-04
1.538151554996147752e-04
1.028999104164540768e-04
1.139361728914081956e-04
1.496207114541903138e-04
2.154538244940340530e-04
2.154541178606450319e-04
2.154541178606450319e-04
2.154539502225816076e-04
2.154539502225816076e-04
2.154537197202444196e-04
2.154539083130657380e-04
2.154539083130657380e-04
2.154537616297602350e-04
1.496206677984446287e-04
1.484207867179065780e-04
1.781007740646600723e-04
1.781049231067299724e-04
2.190138283185660796e-04
2.189626987092196952e-04
2.189265727065503532e-04
2.188597060739994114e-04
2.187008690088987253e-04
2.181658102199435006e-04
2.208411879837512818e-04
2.208411879837512818e-04
2.181188086979091222e-04
2.187344385311007250e-04
2.188950986601412112e-04
2.189437136985361500e-04
2.189975045621395100e-04
2.190429135225713307e-04
1.781049440614878936e-04
1.781007531099021240e-04
1.484207867179065780e-04
1.496206386946141720e-04
2.154538664035498955e-04
2.154538664035498955e-04
2.154537825845181834e-04
2.154537825845181834e-04
2.154538664035498955e-04
2.154538664035498955e-04
2.154537616297602350e-04
2.154538244940340530e-04
2.154538244940340530e-04
1.496207551099359989e-04
1.291794803738594152e-04
1.741374959237873500e-04
1.741332735400646849e-04
1.741375064011662971e-04
1.473334850743412971e-04
2.121602185070514571e-04
2.121602185070514571e-04
2.121600718237459540e-04
1.768000598531216329e-04
1.841538527514785582e-04
1.841506396885961240e-04
1.841446850448846871e-04
1.841404766310006272e-04
1.841426419559866190e-04
1.841474091634154266e-04
1.841519842855632305e-04
1.841547258663922603e-04
1.841547258663922603e-04
1.841546560171991532e-04
1.841521414462476806e-04
1.841472520027309494e-04
1.841426419559866190e-04
1.841404417064040737e-04
1.841447199694812135e-04
1.841505349148064906e-04
1.841539575252681916e-04
1.839854114223271500e-04
1.839889737311750650e-04
1.839889737311750650e-04
1.839782868046313470e-04
1.839781645685434233e-04
1.839890435803681449e-04
1.839890435803681449e-04
1.839854638092219667e-04
1.839679316617548466e-04
1.839854638092219667e-04
1.839890610426664352e-04
1.839890610426664352e-04
1.839781645685434233e-04
1.839781994931399768e-04
1.839890959672629887e-04
1.839890959672629887e-04
1.839854288846254403e-04
1.807073713280260563e-04
1.807003514841198867e-04
1.806908519938587980e-04
1.806909393053501682e-04
1.806990068871527802e-04
1.807060616556555033e-04
1.807092747185379104e-04
1.807092747185379104e-04
1.807063061278313236e-04
1.806988671887665933e-04
1.806909393053501682e-04
1.806910790037363822e-04
1.807003165595233332e-04
1.807072490919381326e-04
1.807073189411312396e-04
1.807003165595233332e-04
1.806910091545432752e-04
1.806908170692622716e-04
1.806990068871527802e-04
1.807062886655330604e-04
1.807090651709586436e-04
1.807090651709586436e-04
1.807063061278313236e-04
1.806988846510648565e-04
1.806910790037363822e-04
1.806908869184553515e-04
1.807003514841198867e-04
1.807072490919381326e-04
1.839853939600288868e-04
1.839890435803681449e-04
1.839890435803681449e-04
1.839782169554382400e-04
1.839783217292279005e-04
1.839890785049646984e-04
1.839890785049646984e-04
1.839854114223271500e-04
1.839681412093341405e-04
1.839852717239409631e-04
1.839890086557716185e-04
1.839890086557716185e-04
1.839782169554382400e-04
1.839782518800347935e-04
1.839889737311750650e-04
1.839889737311750650e-04
1.839854114223271500e-04
1.741375064011662971e-04
1.741332735400646849e-04
1.451145886676385945e-04
1.484207692556083148e-04
1.781007531099021240e-04
1.781049440614878936e-04
1.768000773154198961e-04
2.121600089594721631e-04
2.121599670499563206e-04
2.121600299142300844e-04
1.473333541071042418e-04
1.563606143463402932e-04
1.876369281671941215e-04
2.190138073638081312e-04
2.189626987092196952e-04
2.189266565255820654e-04
2.188596432097255934e-04
2.187008480541407769e-04
2.181658940389752399e-04
2.208411670289933335e-04
2.208411670289933335e-04
2.181187248788773829e-04
2.187342918477952491e-04
2.188952662982046355e-04
2.189436927437782288e-04
2.189975255168974042e-04
2.190429344773292249e-04
1.781049021519720511e-04
1.781007740646600723e-04
1.484207692556083148e-04
1.497429766459390521e-04
2.156298863701522209e-04
2.156298863701522209e-04
2.156298654153942997e-04
2.156298863701522209e-04
2.156298863701522209e-04
2.156299492344260118e-04
2.156299492344260118e-04
2.156298863701522209e-04
2.156298863701522209e-04
1.796916068997233998e-04
1.825115061365067850e-04
2.189627615734934861e-04
2.189265727065503532e-04
2.188597479835152268e-04
2.187008061446249344e-04
2.181657892651856065e-04
2.208411670289933335e-04
2.208412508480250727e-04
2.181188925169408072e-04
2.187343756668269342e-04
2.188951824791729504e-04
2.189436927437782288e-04
2.189975674264132738e-04
2.190428506582975398e-04
1.847264589741826003e-04
1.539352582767605836e-04
1.792882627341896241e-04
1.792883675079792575e-04
1.494069729233160615e-04
1.538150827400386333e-04
1.845780992880463654e-04
1.845780992880463654e-04
1.538151263957843184e-04
1.538150827400386333e-04
1.845781167503446286e-04
1.845781167503446286e-04
1.538151118438690901e-04
1.538151263957843184e-04
1.845780818257480751e-04
1.845781342126428918e-04
1.538151263957843184e-04
1.538150972919538617e-04
1.845781167503446286e-04
1.845780992880463654e-04
1.538151409476995468e-04
1.538151700515300035e-04
1.845782040618359988e-04
1.845781865995377356e-04
1.538151554996147752e-04
1.028018227958678771e-04
1.585368736414238811e-04
1.599997340235859156e-04
1.919996808283030933e-04
1.919996808283030933e-04
1.919996808283030933e-04
1.919996808283030933e-04
1.920032605994492715e-04
1.920032605994492715e-04
1.919996808283030933e-04
1.919996808283030933e-04
1.919996808283030933e-04
1.919996808283030933e-04
1.919996808283030933e-04
1.919996808283030933e-04
1.919996808283030933e-04
1.919996808283030933e-04
1.920032605994492715e-04
1.600027171662077308e-04
1.600027171662077308e-04
1.920032605994492715e-04
1.919996808283030933e-04
1.919996808283030933e-04
1.919996808283030933e-04
1.919996808283030933e-04
1.919996808283030933e-04
1.919996808283030933e-04
1.919996808283030933e-04
1.919996808283030933e-04
1.920032605994492715e-04
1.920032605994492715e-04
1.919996808283030933e-04
1.919996808283030933e-04
1.919996808283030933e-04
1.919996808283030933e-04
1.599997340235859156e-04
1.534250902477651824e-04
1.019452864158153276e-04
1.587346050655469298e-04
1.558560412377119010e-04
1.869979966431856220e-04
1.869311719201504956e-04
1.869312557391822349e-04
1.869976823218166947e-04
1.558559888508170843e-04
1.585368736414238811e-04
1.028019635796546593e-04
1.019447780299186470e-04
1.019446763527393027e-04
1.587346632732078433e-04
1.558471703901886940e-04
1.869869115762412375e-04
1.869272114709019412e-04
1.534251216799020778e-04
1.869232719764113350e-04
1.869765180163085526e-04
1.558388583362102346e-04
1.585368299856781960e-04
1.028020574355125051e-04
1.019453177011012942e-04
1.587345905136317015e-04
1.558558142278343439e-04
1.869978290051221707e-04
1.869311300106346531e-04
1.534254045691341097e-04
1.869312976486980774e-04
1.869979128241538828e-04
1.558560412377119010e-04
1.585369318490847945e-04
1.028020808994769869e-04
1.599997340235859156e-04
1.919996808283030933e-04
1.919996808283030933e-04
1.919996808283030933e-04
1.919996808283030933e-04
1.920032605994492715e-04
1.920032605994492715e-04
1.919996808283030933e-04
1.919996808283030933e-04
1.919996808283030933e-04
1.919996808283030933e-04
1.919996808283030933e-04
1.919996808283030933e-04
1.919996808283030933e-04
1.919996808283030933e-04
1.920032605994492715e-04
1.600027171662077308e-04
1.599997340235859156e-04
1.919996808283030933e-04
1.919996808283030933e-04
1.919996808283030933e-04
1.919996808283030933e-04
1.920032605994492715e-04
1.920032605994492715e-04
1.919996808283030933e-04
1.919996808283030933e-04
1.919996808283030933e-04
1.919996808283030933e-04
1.919996808283030933e-04
1.919996808283030933e-04
1.919996808283030933e-04
1.919996808283030933e-04
1.920032605994492715e-04
1.600027171662077308e-04
1.558559713885187940e-04
1.869978499598801190e-04
1.869313395582139199e-04
1.019443165719509029e-04
1.587346632732078433e-04
1.534251531120389461e-04
1.869312557391822349e-04
1.869978499598801190e-04
1.558560063131153475e-04
1.585368736414238811e-04
1.028023155391216014e-04
1.807072490919381326e-04
1.807003514841198867e-04
1.806908869184553515e-04
1.806910790037363822e-04
1.806988846510648565e-04
1.807063061278313236e-04
1.807090651709586436e-04
1.807090651709586436e-04
1.807062886655330604e-04
1.806990068871527802e-04
1.806908170692622716e-04
1.806910091545432752e-04
1.807003165595233332e-04
1.807073189411312396e-04
1.807072490919381326e-04
1.807003165595233332e-04
1.806910790037363822e-04
1.806909393053501682e-04
1.806988671887665933e-04
1.807063061278313236e-04
1.807092747185379104e-04
1.807092747185379104e-04
1.807060616556555033e-04
1.806990068871527802e-04
1.806909393053501682e-04
1.806908519938587980e-04
1.807003514841198867e-04
1.807073713280260563e-04
8.809247083263471723e-05
1.366667274851351976e-04
8.809246355667710304e-05
1.382970222039148211e-04
1.382970222039148211e-04
1.382970222039148211e-04
1.382970222039148211e-04
1.382970222039148211e-04
1.382970076519995928e-04
1.382970222039148211e-04
1.382970222039148211e-04
1.491472794441506267e-04
2.147719566710293358e-04
2.147719566710293358e-04
2.147719985805451512e-04
1.789766654837876396e-04
1.473333104513585567e-04
1.767999725416302627e-04
1.767999725416302627e-04
1.768001995515078198e-04
1.473334996262565255e-04
1.599997340235859156e-04
1.919996808283030933e-04
1.919996808283030933e-04
1.919996808283030933e-04
1.919996808283030933e-04
1.920032605994492715e-04
1.920032605994492715e-04
1.919996808283030933e-04
1.919996808283030933e-04
1.919996808283030933e-04
1.919996808283030933e-04
1.919996808283030933e-04
1.919996808283030933e-04
1.919996808283030933e-04
1.919996808283030933e-04
1.920032605994492715e-04
1.600027171662077308e-04
1.600027171662077308e-04
1.920032605994492715e-04
1.919996808283030933e-04
1.919996808283030933e-04
1.919996808283030933e-04
1.919996808283030933e-04
1.919996808283030933e-04
1.919996808283030933e-04
1.919996808283030933e-04
1.919996808283030933e-04
1.920032605994492715e-04
1.920032605994492715e-04
1.919996808283030933e-04
1.919996808283030933e-04
1.919996808283030933e-04
1.919996808283030933e-04
1.599997340235859156e-04
1.534250902477651824e-04
1.558559015393257141e-04
1.869979547336697524e-04
1.869312347844242865e-04
1.587346923770383000e-04
1.028020183289050671e-04
1.585368736414238811e-04
1.599997340235859156e-04
1.919996808283030933e-04
1.919996808283030933e-04
1.919996808283030933e-04
1.919996808283030933e-04
1.920032605994492715e-04
1.920032605994492715e-04
1.919996808283030933e-04
1.919996808283030933e-04
1.919996808283030933e-04
1.919996808283030933e-04
1.919996808283030933e-04
1.919996808283030933e-04
1.919996808283030933e-04
1.919996808283030933e-04
1.920032605994492715e-04
1.600027171662077308e-04
1.600027171662077308e-04
1.920032605994492715e-04
1.919996808283030933e-04
1.919996808283030933e-04
1.919996808283030933e-04
1.919996808283030933e-04
1.919996808283030933e-04
1.919996808283030933e-04
1.919996808283030933e-04
1.919996808283030933e-04
1.920032605994492715e-04
1.920032605994492715e-04
1.919996808283030933e-04
1.919996808283030933e-04
1.919996808283030933e-04
1.919996808283030933e-04
1.599997340235859156e-04
1.534252788405865550e-04
1.558560063131153475e-04
1.869978918693959615e-04
1.869312138296663653e-04
1.585368154337629676e-04
1.599997340235859156e-04
1.919996808283030933e-04
1.919996808283030933e-04
1.919996808283030933e-04
1.919996808283030933e-04
1.920032605994492715e-04
1.920032605994492715e-04
1.919996808283030933e-04
1.919996808283030933e-04
1.919996808283030933e-04
1.919996808283030933e-04
1.919996808283030933e-04
1.919996808283030933e-04
1.919996808283030933e-04
1.919996808283030933e-04
1.920032605994492715e-04
1.600027171662077308e-04
1.600027171662077308e-04
1.920032605994492715e-04
1.919996808283030933e-04
1.919996808283030933e-04
1.919996808283030933e-04
1.919996808283030933e-04
1.919996808283030933e-04
1.919996808283030933e-04
1.919996808283030933e-04
1.919996808283030933e-04
1.920032605994492715e-04
1.920032605994492715e-04
1.919996808283030933e-04
1.919996808283030933e-04
1.919996808283030933e-04
1.919996808283030933e-04
1.599997340235859156e-04
1.534251531120389461e-04
1.558559539262205308e-04
1.869979128241538828e-04
1.869312138296663653e-04
1.587347069289535284e-04
1.869312347844242865e-04
1.869979547336697524e-04
1.558560412377119010e-04
1.585368445375934243e-04
1.869310881011187835e-04
1.869979966431856220e-04
1.558559539262205308e-04
1.587346778251230717e-04
1.599997340235859156e-04
1.919996808283030933e-04
1.919996808283030933e-04
1.919996808283030933e-04
1.919996808283030933e-04
1.920032605994492715e-04
1.920032605994492715e-04
1.919996808283030933e-04
1.919996808283030933e-04
1.919996808283030933e-04
1.919996808283030933e-04
1.919996808283030933e-04
1.919996808283030933e-04
1.919996808283030933e-04
1.919996808283030933e-04
1.920032605994492715e-04
1.600027171662077308e-04
1.558559539262205308e-04
1.869978918693959615e-04
1.869311719201504956e-04
1.600027171662077308e-04
1.920032605994492715e-04
1.919996808283030933e-04
1.919996808283030933e-04
1.919996808283030933e-04
1.919996808283030933e-04
1.919996808283030933e-04
1.919996808283030933e-04
1.919996808283030933e-04
1.919996808283030933e-04
1.920032605994492715e-04
1.920032605994492715e-04
1.919996808283030933e-04
1.919996808283030933e-04
1.919996808283030933e-04
1.919996808283030933e-04
1.599997340235859156e-04
1.534251216799020778e-04
1.869311719201504956e-04
1.869978918693959615e-04
1.558559539262205308e-04
1.600027171662077308e-04
1.920032605994492715e-04
1.919996808283030933e-04
1.919996808283030933e-04
1.919996808283030933e-04
1.919996808283030933e-04
1.919996808283030933e-04
1.919996808283030933e-04
1.919996808283030933e-04
1.919996808283030933e-04
1.920032605994492715e-04
1.920032605994492715e-04
1.919996808283030933e-04
1.919996808283030933e-04
1.919996808283030933e-04
1.919996808283030933e-04
1.599997340235859156e-04
1.599997340235859156e-04
1.919996808283030933e-04
1.919996808283030933e-04
1.919996808283030933e-04
1.919996808283030933e-04
1.920032605994492715e-04
1.920032605994492715e-04
1.919996808283030933e-04
1.919996808283030933e-04
1.919996808283030933e-04
1.919996808283030933e-04
1.919996808283030933e-04
1.919996808283030933e-04
1.919996808283030933e-04
1.919996808283030933e-04
1.920032605994492715e-04
1.600027171662077308e-04
1.587346778251230717e-04
1.558560587000101642e-04
1.869978499598801190e-04
1.869312138296663653e-04
1.534252054989337628e-04
1.869311719201504956e-04
1.869978918693959615e-04
1.558559539262205308e-04
1.028019557583331880e-04
1.019444104278087080e-04
1.019445981395244132e-04
1.028024876081943097e-04
1.505060819908976446e-04
1.806115522049367070e-04
1.784402760677039677e-04
2.145341830328106718e-04
2.145878691226243984e-04
2.146053663454949921e-04
2.146128891035914345e-04
1.834571664221584862e-04
1.528774446342140436e-04
1.784402935300022309e-04
2.145341411232948292e-04
2.145878691226243984e-04
2.146053663454949921e-04
2.146128891035914345e-04
1.651893113739788402e-04
1.741375064011662971e-04
1.741332735400646849e-04
1.741375064011662971e-04
1.473334123147651553e-04
2.121600299142300844e-04
2.121600299142300844e-04
2.121600299142300844e-04
1.768000249285250794e-04
2.147718309424817269e-04
1.789765257854014527e-04
1.792684954125434052e-04
2.151222573593258717e-04
1.186207431368529704e-04
1.784402760677039677e-04
2.145341830328106718e-04
2.145878691226243984e-04
2.146053873002529133e-04
2.146128891035914345e-04
1.741375064011662971e-04
1.741332525853067636e-04
1.451145886676385945e-04
1.789765956345945597e-04
2.147719147615134662e-04
2.147719985805451512e-04
2.147720195353030996e-04
1.491472357884049416e-04
1.336777812615036660e-04
2.136102039366960450e-04
2.135951584205031330e-04
2.135744970291852908e-04
2.135396492667496063e-04
1.776863413397222812e-04
1.651892904192209190e-04
2.136102039366960450e-04
2.135951793752610542e-04
2.135744760744273424e-04
2.135396702215075547e-04
1.776863413397222812e-04
1.193797990679740576e-04
1.768000074662268162e-04
2.121602394618093783e-04
2.121602394618093783e-04
2.121602394618093783e-04
1.473334996262565255e-04
1.473333395551890135e-04
1.768000074662268162e-04
1.768000074662268162e-04
1.768000074662268162e-04
1.473333395551890135e-04
1.019527635991572962e-04
1.019449031710624459e-04
1.587344158906489611e-04
1.558556221425533132e-04
1.869981223717331767e-04
1.869313605129718683e-04
1.534251740667968945e-04
1.869315071962773442e-04
1.869977032765745889e-04
1.558561285492032712e-04
1.585366408107802272e-04
1.028023155391216014e-04
1.263019039481878098e-04
2.136102039366960450e-04
2.135951793752610542e-04
2.135744760744273424e-04
2.135396702215075547e-04
1.776863413397222812e-04
1.019446294248103934e-04
1.019445981395244132e-04
8.809247083263471723e-05
1.366667274851351976e-04
8.809246355667710304e-05
1.382970222039148211e-04
1.382970222039148211e-04
1.382970076519995928e-04
1.382970222039148211e-04
1.382970222039148211e-04
1.382970222039148211e-04
1.382970222039148211e-04
1.382970222039148211e-04
9.395973756909370422e-05
1.321387826465070248e-04
1.321387826465070248e-04
1.182080595754086971e-04
9.395973756909370422e-05
1.321387826465070248e-04
1.321387826465070248e-04
1.182080595754086971e-04
1.600027171662077308e-04
1.920032605994492715e-04
1.919996808283030933e-04
1.919996808283030933e-04
1.919996808283030933e-04
1.919996808283030933e-04
1.919996808283030933e-04
1.919996808283030933e-04
1.919996808283030933e-04
1.919996808283030933e-04
1.920032605994492715e-04
1.920032605994492715e-04
1.919996808283030933e-04
1.919996808283030933e-04
1.919996808283030933e-04
1.919996808283030933e-04
1.599997340235859156e-04
1.600027171662077308e-04
1.920032605994492715e-04
1.919996808283030933e-04
1.919996808283030933e-04
1.919996808283030933e-04
1.919996808283030933e-04
1.919996808283030933e-04
1.919996808283030933e-04
1.919996808283030933e-04
1.919996808283030933e-04
1.920032605994492715e-04
1.920032605994492715e-04
1.919996808283030933e-04
1.919996808283030933e-04
1.919996808283030933e-04
1.919996808283030933e-04
1.599997340235859156e-04
1.599997340235859156e-04
1.919996808283030933e-04
1.919996808283030933e-04
1.919996808283030933e-04
1.919996808283030933e-04
1.920032605994492715e-04
1.920032605994492715e-04
1.919996808283030933e-04
1.919996808283030933e-04
1.919996808283030933e-04
1.919996808283030933e-04
1.919996808283030933e-04
1.919996808283030933e-04
1.919996808283030933e-04
1.919996808283030933e-04
1.920032605994492715e-04
1.600027171662077308e-04
1.599997340235859156e-04
1.919996808283030933e-04
1.919996808283030933e-04
1.919996808283030933e-04
1.919996808283030933e-04
1.920032605994492715e-04
1.920032605994492715e-04
1.919996808283030933e-04
1.919996808283030933e-04
1.919996808283030933e-04
1.919996808283030933e-04
1.919996808283030933e-04
1.919996808283030933e-04
1.919996808283030933e-04
1.919996808283030933e-04
1.920032605994492715e-04
1.600027171662077308e-04
1.600027171662077308e-04
1.920032605994492715e-04
1.919996808283030933e-04
1.919996808283030933e-04
1.919996808283030933e-04
1.919996808283030933e-04
1.919996808283030933e-04
1.919996808283030933e-04
1.919996808283030933e-04
1.919996808283030933e-04
1.920032605994492715e-04
1.920032605994492715e-04
1.919996808283030933e-04
1.919996808283030933e-04
1.919996808283030933e-04
1.919996808283030933e-04
1.599997340235859156e-04
1.600027171662077308e-04
1.920032605994492715e-04
1.919996808283030933e-04
1.919996808283030933e-04
1.919996808283030933e-04
1.919996808283030933e-04
1.919996808283030933e-04
1.919996808283030933e-04
1.919996808283030933e-04
1.919996808283030933e-04
1.920032605994492715e-04
1.920032605994492715e-04
1.919996808283030933e-04
1.919996808283030933e-04
1.919996808283030933e-04
1.919996808283030933e-04
1.599997340235859156e-04
1.019436282956599885e-04
1.587347505846992135e-04
1.869310881011187835e-04
1.869979756884276737e-04
1.558557967655360536e-04
1.028018462598323724e-04
1.028026831412315133e-04
1.587344158906489611e-04
1.558559539262205308e-04
1.869978290051221707e-04
1.869312557391822349e-04
1.534253207501023704e-04
1.869312138296663653e-04
1.869975565932690859e-04
1.558561809360980879e-04
1.585368881933391094e-04
1.587345759617164731e-04
1.558558840770274238e-04
1.869975985027849555e-04
1.869313395582139199e-04
1.534251426346599991e-04
1.869309623725712289e-04
1.869981223717331767e-04
1.558559539262205308e-04
1.585370337124913931e-04
1.028016663694381250e-04
1.600027171662077308e-04
1.920032605994492715e-04
1.919996808283030933e-04
1.919996808283030933e-04
1.919996808283030933e-04
1.919996808283030933e-04
1.919996808283030933e-04
1.919996808283030933e-04
1.919996808283030933e-04
1.919996808283030933e-04
1.920032605994492715e-04
1.920032605994492715e-04
1.919996808283030933e-04
1.919996808283030933e-04
1.919996808283030933e-04
1.919996808283030933e-04
1.599997340235859156e-04
1.599997340235859156e-04
1.919996808283030933e-04
1.919996808283030933e-04
1.919996808283030933e-04
1.919996808283030933e-04
1.920032605994492715e-04
1.920032605994492715e-04
1.919996808283030933e-04
1.919996808283030933e-04
1.919996808283030933e-04
1.919996808283030933e-04
1.919996808283030933e-04
1.919996808283030933e-04
1.919996808283030933e-04
1.919996808283030933e-04
1.920032605994492715e-04
1.600027171662077308e-04
1.599997340235859156e-04
1.919996808283030933e-04
1.919996808283030933e-04
1.919996808283030933e-04
1.919996808283030933e-04
1.920032605994492715e-04
1.920032605994492715e-04
1.919996808283030933e-04
1.919996808283030933e-04
1.919996808283030933e-04
1.919996808283030933e-04
1.919996808283030933e-04
1.919996808283030933e-04
1.919996808283030933e-04
1.919996808283030933e-04
1.920032605994492715e-04
1.600027171662077308e-04
1.600027171662077308e-04
1.920032605994492715e-04
1.919996808283030933e-04
1.919996808283030933e-04
1.919996808283030933e-04
1.919996808283030933e-04
1.919996808283030933e-04
1.919996808283030933e-04
1.919996808283030933e-04
1.919996808283030933e-04
1.920032605994492715e-04
1.920032605994492715e-04
1.919996808283030933e-04
1.919996808283030933e-04
1.919996808283030933e-04
1.919996808283030933e-04
1.599997340235859156e-04
1.600027171662077308e-04
1.920032605994492715e-04
1.919996808283030933e-04
1.919996808283030933e-04
1.919996808283030933e-04
1.919996808283030933e-04
1.919996808283030933e-04
1.919996808283030933e-04
1.919996808283030933e-04
1.919996808283030933e-04
1.920032605994492715e-04
1.920032605994492715e-04
1.919996808283030933e-04
1.919996808283030933e-04
1.919996808283030933e-04
1.919996808283030933e-04
1.599997340235859156e-04
1.599997340235859156e-04
1.919996808283030933e-04
1.919996808283030933e-04
1.919996808283030933e-04
1.919996808283030933e-04
1.920032605994492715e-04
1.920032605994492715e-04
1.919996808283030933e-04
1.919996808283030933e-04
1.919996808283030933e-04
1.919996808283030933e-04
1.919996808283030933e-04
1.919996808283030933e-04
1.919996808283030933e-04
1.919996808283030933e-04
1.920032605994492715e-04
1.600027171662077308e-04
2.193858592380396066e-04
3.683875017322002423e-04
3.802212334034160918e-04
3.802212334034160918e-04
3.802212334034160918e-04
3.802212334034160918e-04
3.802212334034160918e-04
3.684888402378331813e-04
2.196522382127330173e-04
1.669456960237920362e-04
3.200024366378784180e-04
3.199994564056396918e-04
3.199994564056396918e-04
3.199994564056396918e-04
3.200024366378784180e-04
3.200024366378784180e-04
3.199994564056396918e-04
1.768222938589666558e-04
2.104977087052101322e-04
3.681945509230726433e-04
3.802211793275386354e-04
3.802211793275386354e-04
3.802211793275386354e-04
3.802211793275386354e-04
3.802211793275386354e-04
3.684888441679832777e-04
2.123482963080097112e-04
1.683694535417703836e-04
3.200024366378784180e-04
3.199994564056396918e-04
3.199994564056396918e-04
3.199994564056396918e-04
3.200024366378784180e-04
3.200024366378784180e-04
3.199994564056396918e-04
1.669436304200711170e-04
2.255408495408578939e-04
3.947019394434767470e-04
3.985913560340246424e-04
3.036334672762560304e-04
2.255408953768344826e-04
3.947018302268058836e-04
3.985913415775232710e-04
3.036334672762560304e-04
1.902317669156759457e-04
3.637148540592939432e-04
3.730134600437875710e-04
2.445849450490623369e-04
1.669438758005112051e-04
3.235274062745174947e-04
3.235274696265543273e-04
3.235276401299329958e-04
3.235275767195920529e-04
3.235276401299329958e-04
3.235277226802631741e-04
3.235277861293956239e-04
1.634041919515285071e-04
1.669438755713883863e-04
3.235274029072942735e-04
3.235274530887238147e-04
3.235276378564865907e-04
3.235275705605349019e-04
3.235276378564865907e-04
3.235276881065120313e-04
3.235277554423317855e-04
1.637539601617067229e-04
1.669438249695265200e-04
3.235273210876032229e-04
3.235273474387487724e-04
3.235274715682072747e-04
3.235273504889364248e-04
3.235273768913930347e-04
3.235273897849409719e-04
3.235274071020203829e-04
1.620737711875581402e-04
1.669438254078318637e-04
3.235273628325678586e-04
3.235274420759539629e-04
3.235276141481150617e-04
3.235275680728978524e-04
3.235276141481150617e-04
3.235276941451845230e-04
3.235277402599773342e-04
1.636533467188476564e-04
1.669439561776690155e-04
3.235273941399648004e-04
3.235274924309086524e-04
3.235276411872464123e-04
3.235275925500505790e-04
3.235276411872464123e-04
3.235277424547373330e-04
3.235277911296919706e-04
1.638468469281977827e-04
1.669438445116042200e-04
3.235273106319375928e-04
3.235273214914084674e-04
3.235274911949227294e-04
3.235273706678685720e-04
3.235273815821360544e-04
3.235273651115930260e-04
3.235273760622144577e-04
1.638859531695371755e-04
1.909163201020427859e-04
3.537667692015568745e-04
3.754889499548125600e-04
2.430748114228067100e-04
2.143533198279297912e-04
3.521664731983621156e-04
2.056977203642842479e-04
1.740797879226444454e-04
1.700447096523310128e-04
2.098632904070097662e-04
3.553812578480096450e-04
2.062847346669185197e-04
1.669437681165149095e-04
3.235273725480880221e-04
3.235273725480880221e-04
3.235273725480880221e-04
3.235273725480880221e-04
3.235273725480880221e-04
3.235273725480880221e-04
3.235273725480880221e-04
1.639533718019609032e-04
1.669437602137983695e-04
3.235273684701973820e-04
3.235273684701973820e-04
3.235273684701973820e-04
3.235273684701973820e-04
3.235273684701973820e-04
3.235273684701973820e-04
3.235273684701973820e-04
1.635528397640810495e-04
1.669437096951145423e-04
3.235272920620465794e-04
3.235272543073643863e-04
3.235272039681566492e-04
3.235271662140271824e-04
3.235271158755563233e-04
3.235270781219795827e-04
3.235270277842457100e-04
1.619695526190047632e-04
1.669437439520664996e-04
3.235273600789611626e-04
3.235273600789611626e-04
3.235273600789611626e-04
3.235273600789611626e-04
3.235273600789611626e-04
3.235273600789611626e-04
3.235273600789611626e-04
1.641019553018649229e-04
1.669437683349350807e-04
3.235273726607953374e-04
3.235273726607953374e-04
3.235273726607953374e-04
3.235273726607953374e-04
3.235273726607953374e-04
3.235273726607953374e-04
3.235273726607953374e-04
1.638184209898092933e-04
2.104965696855056769e-04
3.681463078243473602e-04
3.802217555937311149e-04
3.802217555937311149e-04
3.802217555937311149e-04
3.802217555937311149e-04
3.802217555937311149e-04
3.684888443819026548e-04
2.196522575743445338e-04
2.188605180752583679e-04
3.681861551761702548e-04
3.802208058679436807e-04
3.802205215789162488e-04
3.802202372900413099e-04
3.802199530013188099e-04
3.802196687127487487e-04
3.681925015199660062e-04
2.184199123544074876e-04
2.152230733424125020e-04
3.681867499299997740e-04
3.802190013158468452e-04
3.802190013158468452e-04
3.802190013158468452e-04
3.802190013158468452e-04
3.802190013158468452e-04
3.683854317735514193e-04
2.188683887554693772e-04
2.188565566321089425e-04
3.681452469295970562e-04
3.802203489877548342e-04
3.802201572633091072e-04
3.802199655391787746e-04
3.802197738153637822e-04
3.802195708140210500e-04
3.681678507342928271e-04
2.184981960274484452e-04
2.188604506647634843e-04
3.681273073707181731e-04
3.802188859404010486e-04
3.802188859404010486e-04
3.802188859404010486e-04
3.802188859404010486e-04
3.802188859404010486e-04
3.683818331655889112e-04
2.184199494870480915e-04
2.193083888289745060e-04
3.681462489060697684e-04
3.802212313248682545e-04
3.802212313248682545e-04
3.802212313248682545e-04
3.802212313248682545e-04
3.802212313248682545e-04
3.684887975198302724e-04
2.196521609616386341e-04
2.158064416322257170e-04
3.681859265713757637e-04
3.802190924932749745e-04
3.802190924932749745e-04
3.802190924932749745e-04
3.802190924932749745e-04
3.802190924932749745e-04
3.681924274801541812e-04
2.184199940371901500e-04
2.185211449546930551e-04
3.681270125715965899e-04
3.802190076908650886e-04
3.802190076908650886e-04
3.802190076908650886e-04
3.802190076908650886e-04
3.802190076908650886e-04
3.681924583398050077e-04
2.184199813304710095e-04
2.110158362517936404e-04
3.687859414533273521e-04
3.802212830360965443e-04
3.802212830360965443e-04
3.802212830360965443e-04
3.802212830360965443e-04
3.802212830360965443e-04
3.684888079120605888e-04
2.196522498359895466e-04
2.188620385984466836e-04
3.681269648606560313e-04
3.802190944626399126e-04
3.802190944626399126e-04
3.802190944626399126e-04
3.802190944626399126e-04
3.802190944626399126e-04
3.683496266340800405e-04
2.184200366081209257e-04
2.192394867309854919e-04
3.684258106388075150e-04
3.802209296655732719e-04
3.802205023146354316e-04
3.802200749640385186e-04
3.802197900638299506e-04
3.802193627138012681e-04
3.683999369434264840e-04
2.196522928562475840e-04
2.206374116589925743e-04
3.684888596671001331e-04
3.802204230515745815e-04
3.802202046370115615e-04
3.802199862226880961e-04
3.802197678086041851e-04
3.802196586016520015e-04
3.687837981750303790e-04
2.110157873017862629e-04
2.184639173315299767e-04
3.687858916228066745e-04
3.802217049972754330e-04
3.802217049972754330e-04
3.802217049972754330e-04
3.802217049972754330e-04
3.802217049972754330e-04
3.681228400925502364e-04
2.172337175917600732e-04
2.188379121885947523e-04
3.681270071310975729e-04
3.802190789963968802e-04
3.802190789963968802e-04
3.802190789963968802e-04
3.802190789963968802e-04
3.802190789963968802e-04
3.681236515894505666e-04
2.184199549131542704e-04
2.082659073329902206e-04
3.529299931571709594e-04
2.099150022637900383e-04
1.597741711309186589e-04
1.901257948890902323e-04
1.605469169171321910e-04
2.175629266688163899e-04
3.542956354797909902e-04
2.059104507441108850e-04
1.562441408493770193e-04
1.860890522784661291e-04
1.576020012855283920e-04
2.103066189452595762e-04
3.595636785254782350e-04
2.104055575533336504e-04
2.175629483585421432e-04
3.542956225755266361e-04
2.059465389922200879e-04
2.984430259775660340e-04
2.990223834715493526e-04
2.056049168441751438e-04
3.521663762936251140e-04
2.058328650362750635e-04
1.765484545184402504e-04
3.831923591445598760e-04
3.844178954069480932e-04
3.899896200349596640e-04
3.813310224063733590e-04
2.284733419356528399e-04
3.863875413888863842e-04
3.964357332083277060e-04
3.821428467700085235e-04
3.767079670113231181e-04
3.839882444581400748e-04
3.961731121452859942e-04
3.979026789548639558e-04
3.932604775067425739e-04
2.975076915169116813e-04
2.990223793996778234e-04
2.188886161989321393e-04
3.542956234416291816e-04
2.099138799154758983e-04
3.595637623583004296e-04
2.060295699377004571e-04
2.193174116299120282e-04
3.681946236696437801e-04
3.802212050149342054e-04
3.802212050149342054e-04
3.802212050149342054e-04
3.802212050149342054e-04
3.802212050149342054e-04
3.684887662823703881e-04
2.196521873139321639e-04
2.193176272103605946e-04
3.683874981685059265e-04
3.802216102356242161e-04
3.802216102356242161e-04
3.802216102356242161e-04
3.802216102356242161e-04
3.802216102356242161e-04
3.684414121568718964e-04
2.173796294981919291e-04
2.188604669515516188e-04
3.681228620482416246e-04
3.802208300068032117e-04
3.802205965808915281e-04
3.802202853464390925e-04
3.802200519206720957e-04
3.802197406864125939e-04
3.681505744759349524e-04
2.194526017980452876e-04
2.193189201348662255e-04
3.761022818783010943e-04
3.802212276149054705e-04
3.802212276149054705e-04
3.802212276149054705e-04
3.802212276149054705e-04
3.802212276149054705e-04
3.682304214573950689e-04
2.174104798978242182e-04
2.984430408839819251e-04
2.990223577324414047e-04
2.192729421701567090e-04
3.683944165722464483e-04
3.802213495848571871e-04
3.802213495848571871e-04
3.802213495848571871e-04
3.802213495848571871e-04
3.802213495848571871e-04
3.684887482717496155e-04
2.196521227751320785e-04
2.188605365900192458e-04
3.681868577672817926e-04
3.802206108620309502e-04
3.802203576641734130e-04
3.802201677659091446e-04
3.802199145683953538e-04
3.802196613710779119e-04
3.683855289526711510e-04
2.194528199798219696e-04
2.152972153163638415e-04
3.684890377538217179e-04
3.802190678743836848e-04
3.802190678743836848e-04
3.802190678743836848e-04
3.802190678743836848e-04
3.802190678743836848e-04
3.683853507579990254e-04
2.194526841364921393e-04
2.193194686681236160e-04
3.684259824210150058e-04
3.802217735433958187e-04
3.802217735433958187e-04
3.802217735433958187e-04
3.802217735433958187e-04
3.802217735433958187e-04
3.683967460730846067e-04
2.196521675737407489e-04
2.188604545634160981e-04
3.681227471527140707e-04
3.802189964448750552e-04
3.802189964448750552e-04
3.802189964448750552e-04
3.802189964448750552e-04
3.802189964448750552e-04
3.683855011785021729e-04
2.184198157375498255e-04
2.192720398657097025e-04
3.761097848027355616e-04
3.802219448355260382e-04
3.802219448355260382e-04
3.802219448355260382e-04
3.802219448355260382e-04
3.802219448355260382e-04
3.681838915844483687e-04
2.196522896966444168e-04
1.994626618939526199e-04
2.305154574443740311e-04
1.994341471371904948e-04
1.993762401972991945e-04
2.018216062765281447e-04
1.992105196412407480e-04
1.994114768741675741e-04
1.988399442690061381e-04
1.993753159754981072e-04
1.993244829982743151e-04
1.993219284485979763e-04
1.996300198388815798e-04
2.011808950367881689e-04
1.994112383748449608e-04
1.991730544682894966e-04
1.836590539096505587e-04
1.748103692780784545e-04
1.776574429387510630e-04
1.750237971956335702e-04
1.829357345761648522e-04
1.773108115432376892e-04
1.713560250759032719e-04
1.812445247427106566e-04
1.637210957061249641e-04
1.601718144341751518e-04
1.752475278389968062e-04
1.754193232484680407e-04
1.719434090532017962e-04
1.496553231489812638e-04
1.570484483790022666e-04
1.081458999683196099e-04
1.237478266367656636e-04
1.301543982313074148e-04
1.099472298699258517e-04
1.102778365636416575e-04
2.583288109935216303e-04
2.583288190731197103e-04
2.533637929224323506e-04
2.533637777722598928e-04
2.611023118916372811e-04
2.611023118916372811e-04
2.476694808559430660e-04
2.476695717456510438e-04
2.546359220518269978e-04
2.546357837849858247e-04
2.547559950357040155e-04
2.547559830651363036e-04
2.617926425879418448e-04
2.617925741331438082e-04
2.556717547169798420e-04
2.556716666651446504e-04
1.773226891409763204e-04
1.773228922924234281e-04
1.809624320542927399e-04
1.758824784310839830e-04
1.455547272206323144e-04
1.471802841164744440e-04
1.789138057961232127e-04
1.789137456218211752e-04
1.857617611427110865e-04
1.861436684165029701e-04
1.734934053805557708e-04
1.734782049542040480e-04
1.714553370868406360e-04
1.803543343589072349e-04
1.809052638306315260e-04
1.613988305801148737e-04
1.613988305801148737e-04
1.783119876277086810e-04
1.790432643665951435e-04
3.384330969644368768e-04
3.298019627647028225e-04
3.088784597331546006e-04
2.778873477698225332e-04
2.708220767483527258e-04
2.708221801236472700e-04
1.012244023692144906e-04
2.654890154619708883e-04
2.499429009090626424e-04
2.545500777004248505e-04
2.636366944179135605e-04
2.655526401898445038e-04
2.633398076072452059e-04
3.983722375572279310e-04
3.999351037774175662e-04
3.991686467954931247e-04
4.026290122665709481e-04
4.017889970838664092e-04
4.009514193545012962e-04
4.010481183752692084e-04
4.016987192579870203e-04
3.999734930977534662e-04
4.027053259752044582e-04
4.032992273501398829e-04
3.998308401664215131e-04
4.035195030412062076e-04
3.959113142704387585e-04
3.206978748076821277e-04
3.931222376420614464e-04
4.030757809650760003e-04
3.033229693999142575e-04
3.190605617653011314e-04
3.070145986351593319e-04
4.038749543063214955e-04
3.976579649569323836e-04
3.043001953226896869e-04
1.963086817724583584e-04
1.946169112268096601e-04
1.436180505832354961e-04
2.079764065271045301e-04
2.393680326497466242e-04
2.396026264964077582e-04
2.465711042029874469e-04
1.517542884934286473e-04
1.423817226160001498e-04
2.355003067098276795e-04
2.374560573347903015e-04
2.050840697823368272e-04
1.977511993526711958e-04
3.305056971764585259e-04
3.299643026884538106e-04
3.288924017215579367e-04
3.257364113812124336e-04
2.428859951398224914e-04
2.346058317723664585e-04
2.338046201644145320e-04
2.300921397983152769e-04
3.381816135520909761e-04
3.345301233922340226e-04
3.504608517438697994e-04
2.318040132998970776e-04
2.027569636096604704e-04
2.064964342611097883e-04
2.338716733334923943e-04
1.492915953011989785e-04
1.413656903033828004e-04
3.260240083867384144e-04
2.283053068270264228e-04
3.619112812542873547e-04
3.626833225048341821e-04
3.387692352936782537e-04
3.368512248570218817e-04
2.404013095974186155e-04
2.416863377235147251e-04
3.756145967751757433e-04
3.284227400895101644e-04
3.648115228512905706e-04
3.183091323260766009e-04
3.024163360385849378e-04
3.688167310562940064e-04
3.825876788676654664e-04
3.126379701617872727e-04
3.862734788268043984e-04
3.438373024004732006e-04
3.635136157516655718e-04
3.680811418548766696e-04
3.562171950313750370e-04
2.350801170576811538e-04
3.413842100949816371e-04
3.588505733055134903e-04
3.714222567711458452e-04
3.541685675640736213e-04
3.589143848174336689e-04
3.730598427165082503e-04
3.713547606424500228e-04
3.130009844770360980e-04
2.352100276259064108e-04
3.714090189658168805e-04
3.260568918678243000e-04
2.520889562844515035e-04
2.373254047864628482e-04
2.352986583058227729e-04
2.232528455221320012e-04
2.654890664573750767e-04
2.499431166294052188e-04
2.545500724888096942e-04
2.636366944179135605e-04
2.655526245537445044e-04
2.633397463607622772e-04
3.983722304970230797e-04
3.999350717092645287e-04
3.991684881263601707e-04
4.026288082110954149e-04
4.017889973353092102e-04
4.009514251432013277e-04
4.010483018341734181e-04
4.016987140513704696e-04
3.999734595297450672e-04
4.027051502080400175e-04
4.032991513566368887e-04
3.998308638689590045e-04
4.035194589245997350e-04
3.959113885435295828e-04
3.206978867521927210e-04
3.931222455751586051e-04
4.030759905444363769e-04
3.033229840420591759e-04
3.189171203185738393e-04
3.070145985794825146e-04
4.038749567715001643e-04
3.976579846825101629e-04
3.043001861354840574e-04
1.678660447098994605e-04
1.671411443714955166e-04
1.786332709639737611e-04
1.786332778070134322e-04
1.848569510230254741e-04
2.399738688411462331e-04
2.375158349625116391e-04
2.346285296994783892e-04
2.294988462476924354e-04
2.805098111511803707e-04
3.963192133533927986e-04
3.966164923668573806e-04
3.959956367331227763e-04
3.251309195652995294e-04
3.809705709266922140e-04
2.280809737251490938e-04
2.786291219434932991e-04
1.678662374230571752e-04
2.353079663519679033e-04
2.222345708922677859e-04
1.518285509048260544e-04
1.946495484156619219e-04
2.474599415964741345e-04
1.326851585918664808e-04
1.413656869433828865e-04
2.450569773672309367e-04
2.336711447752838763e-04
2.334313316067511000e-04
2.319168433840763694e-04
2.312003881954170369e-04
1.366612273140767667e-04
1.448307505580910277e-04
2.482263724767969559e-04
2.363178254374074388e-04
3.365228173622856166e-04
3.549922285087298880e-04
2.358238314591916396e-04
2.003821551280332558e-04
3.618131288569334243e-04
2.043583533462764706e-04
2.452930647119199023e-04
2.322755518413519872e-04
3.618763693600404534e-04
3.672386404910939011e-04
2.417667255265064429e-04
2.612842753009934557e-04
3.470994916882966502e-04
3.436828982426869301e-04
3.455089098397462000e-04
3.504437775359124782e-04
3.511097927543966896e-04
1.435844056978534443e-04
3.393539248089784497e-04
2.450625556223659800e-04
2.060670455048621032e-04
2.241092004929084677e-04
3.637368100876450512e-04
3.698070583471072480e-04
1.526044344682498744e-04
3.261476671050738112e-04
3.638985758832711690e-04
3.421678118286532850e-04
2.171878702330531051e-04
2.185586199075451811e-04
3.621640571300233655e-04
3.710652921971794964e-04
3.402915626087134673e-04
3.578165053716300735e-04
3.476556725057539294e-04
3.495050338792040300e-04
3.652222665528397582e-04
3.634578621417487525e-04
3.387777722314461734e-04
3.617595544788297299e-04
3.123611958324980448e-04
3.706310892328400393e-04
3.606612660165316327e-04
3.553499487715586886e-04
3.614275809124393481e-04
3.667480142130146825e-04
3.759496238686934016e-04
3.661232476813523068e-04
3.419704693888152313e-04
3.435352376266423858e-04
3.725999987667191109e-04
3.246634820202046125e-04
3.621611674167069124e-04
3.005736173922015416e-04
2.775282310028162440e-04
3.087710305093558402e-04
3.386720173363496266e-04
3.454947261505849840e-04
3.487666878464462791e-04
3.506822378382015541e-04
2.376813004622971629e-04
3.677168193968814833e-04
1.715150356096388409e-04
3.623470809296110541e-04
3.257855258398916344e-04
1.879350140521624782e-04
1.879634857365971602e-04
1.878944431117575463e-04
1.568807785401777222e-04
1.879350629246502678e-04
1.880178718043238131e-04
1.568788570875438661e-04
1.988968553847106553e-04
2.449661642769527712e-04
1.988524433587465388e-04
2.449688428571944964e-04
1.988964860025235727e-04
2.449664533510908788e-04
2.629757278467762124e-04
2.632143346957769572e-04
2.634843416263184615e-04
2.584089471063810706e-04
2.633567740003556873e-04
2.617301500680555872e-04
2.605182084612275568e-04
2.018755450453982607e-04
3.007949055229295417e-04
3.005230041564543918e-04
2.027882223591145709e-04
3.035341784446053898e-04
3.040256392858364841e-04
3.010386719508421904e-04
3.017376048013040374e-04
2.621547578589575669e-04
2.621584921276970122e-04
2.612643222888988404e-04
2.610805150449865462e-04
2.412977768604070757e-04
2.621391819877156334e-04
2.595827970792333552e-04
1.953238944848917412e-04
2.449665303043194989e-04
1.436571167631428797e-04
1.487920733066322974e-04
1.138406566385879396e-04
2.330334958550720121e-04
2.293825651748741118e-04
1.473672889592195353e-04
1.772902430666790127e-04
1.922221808150585405e-04
1.971073452175712128e-04
2.186248511924904876e-04
2.088234899289880203e-04
2.223476238290615593e-04
1.773381035882578194e-04
1.792513297190065553e-04
1.678681593569744202e-04
1.758576025674643973e-04
1.734089122793608633e-04
2.535368619377058948e-04
2.390889095803306631e-04
3.777413407958229996e-04
3.776136631320854350e-04
2.796208596374451130e-04
2.699283117335303820e-04
1.882086015942026336e-04
1.882081386463266900e-04
1.882066530175706073e-04
1.882105538865699260e-04
1.882092488979755535e-04
1.565212122415552375e-04
1.881663536501807280e-04
1.393308237373716986e-04
2.994235578232091154e-04
2.931812990420636241e-04
2.914525756126137130e-04
3.038224718949028525e-04
2.994152318819712309e-04
3.034695825630162776e-04
3.037986754707631791e-04
3.010424463243879930e-04
1.881778017545040799e-04
1.880626533726291287e-04
1.881832711430360806e-04
1.882133300070677967e-04
1.882104331654096713e-04
1.878684601588977729e-04
1.882080069998040681e-04
1.393308248626070472e-04
3.010364922722031126e-04
2.935209600799292082e-04
2.930433151277234962e-04
3.010916839330380463e-04
2.995819298242600581e-04
3.034508949949132808e-04
3.037764788533069008e-04
3.010485279615776632e-04
1.881422610390468258e-04
1.882081797067370786e-04
1.878541390237026460e-04
1.879132020844968701e-04
1.879749514995869791e-04
1.882099694650132588e-04
1.566459568521740616e-04
2.020222542024824395e-04
2.992272067063306545e-04
2.999793744039677581e-04
3.004672052820770984e-04
2.935350300510899133e-04
3.037112184185489466e-04
3.046795231074229666e-04
3.020341041397933213e-04
2.020683013908923769e-04
3.007006804495637644e-04
3.023832502890033713e-04
2.023725104839437785e-04
3.011716067684903041e-04
2.994390606034560954e-04
3.034400224045930277e-04
3.016627967120324061e-04
2.020681894710091579e-04
3.007949119255292920e-04
3.001077348956220363e-04
2.932699437799477209e-04
3.038151494074881488e-04
3.038440048851754347e-04
3.038436617389461214e-04
3.038157483804249906e-04
2.613383702154457671e-04
2.631641194279920487e-04
2.632151910704371616e-04
2.632390054292200261e-04
2.412977735261112372e-04
2.623082525759281593e-04
2.591588664532894887e-04
1.568955959669192824e-04
2.617736695248468345e-04
2.639597600289202498e-04
2.589694612699588137e-04
2.630757522989957608e-04
2.652735670787965245e-04
2.018580075339791551e-04
2.018756461210336438e-04
2.632587544823765781e-04
2.615383323782357900e-04
2.573450974670598375e-04
2.414160603868128942e-04
2.625736128865331317e-04
2.631965707403461437e-04
2.632390229288114288e-04
2.018757918894370680e-04
2.632175066236748127e-04
2.592238168172078332e-04
2.615382844711301529e-04
2.653058995232657376e-04
2.639633090174958166e-04
2.632120718305519503e-04
2.595107960241798545e-04
1.988968923687240819e-04
2.449664968400496238e-04
2.434682863503070396e-04
2.434665361325891598e-04
2.446862011726486162e-04
3.706504184029298533e-04
2.920055373600523633e-04
2.446862145963151999e-04
3.706505650555086059e-04
2.920055253737328742e-04
2.352986474984446956e-04
2.233157257811263594e-04
2.406065421830933231e-04
2.930846145722676844e-04
3.494393845629335262e-04
2.934009324888146018e-04
2.827437329738059584e-04
3.672017305745030173e-04
3.072328845687354818e-04
2.514886425092637445e-04
2.161014832908106473e-04
2.415093350390982118e-04
2.453928209172523455e-04
2.502874743676288612e-04
2.431563016201293862e-04
2.322203897334350277e-04
2.592020425426632291e-04
2.546416719907045132e-04
2.354147815752051151e-04
2.500854655356638803e-04
2.463379700376559507e-04
2.278403873547068636e-04
3.264366899636030593e-04
3.645799929530356247e-04
3.680945503482124944e-04
3.713145060289536328e-04
3.719030303296045302e-04
3.777205241976660773e-04
3.655102201898661660e-04
3.729635668232522076e-04
3.807640414902175273e-04
3.651164333790875727e-04
3.691414726957773992e-04
3.743632750813818879e-04
3.543445108727615012e-04
3.482208058696334993e-04
3.693608306339242735e-04
3.710597836877639068e-04
3.746202544713451337e-04
3.853668905956289786e-04
1.916869668024245431e-04
3.553202028623746915e-04
3.859936307046915463e-04
3.822354700294050209e-04
3.805221252558297967e-04
3.514932580704435185e-04
3.691858868337434410e-04
3.849984116960441204e-04
3.559081013932692637e-04
3.637778827898113278e-04
3.043859475565246250e-04
2.866385204624884576e-04
2.595614644868377767e-04
2.529546216351410992e-04
3.719254498828578558e-04
3.746006361704935610e-04
3.770072835062138975e-04
3.308069715859602352e-04
3.825142605667001920e-04
3.798149998681231041e-04
3.754753716911055257e-04
3.752557938310154733e-04
3.811512816618947458e-04
2.322617720044607291e-04
3.749241986500974062e-04
3.493007784059888425e-04
2.414011887139831084e-04
3.811708680180090443e-04
3.636014301163913599e-04
2.879340757368858365e-04
3.634848087225770429e-04
2.948329801633661870e-04
2.405516010088046622e-04
2.450324034026853961e-04
2.092210463463985831e-04
2.932448822936359507e-04
3.499507627004398280e-04
2.701737669401963718e-04
3.674749660415681501e-04
3.072320959265381992e-04
2.482797958599916371e-04
1.988968323378371365e-04
2.449662466413016736e-04
2.157666113127064498e-04
2.424932040244114442e-04
2.454674928502360723e-04
2.369803133280408652e-04
3.778093257715665161e-04
3.804122019697242594e-04
3.793634664689282286e-04
3.819060875762592317e-04
3.831066004333133945e-04
3.811663561730043413e-04
3.865699562014654651e-04
3.860428713125947891e-04
3.858178277474273461e-04
3.784534120222432583e-04
3.794953823908356685e-04
3.810037429871341490e-04
3.785935201882528636e-04
3.814929508215676788e-04
3.805961117658565249e-04
3.870386077835934495e-04
3.859335971813161498e-04
3.783940790087695748e-04
3.782964270718025350e-04
3.597286193734428560e-04
3.683924287315296000e-04
3.884569012323217576e-04
3.425979195886457232e-04
3.914097362337558782e-04
3.840114946740955972e-04
2.471186121407155595e-04
3.691342408443665517e-04
3.634169957618510992e-04
3.592380309690414099e-04
2.453104822167777332e-04
3.464872628729466410e-04
2.905700154716684119e-04
2.576358158073074867e-04
2.383400290414743018e-04
2.526151448062998513e-04
3.811774309667085138e-04
2.804260564722893707e-04
3.352159384751101593e-04
3.839974206788106508e-04
3.778145635918842872e-04
3.791416336021930585e-04
2.526113592377494900e-04
3.759396346968890603e-04
3.878863274815926173e-04
3.750337826745148650e-04
3.820689981119609218e-04
3.840467443992635053e-04
3.820670593221266783e-04
3.831821184637033972e-04
3.879764006656315862e-04
3.793470511927630670e-04
2.564917749031565288e-04
2.172358594508959253e-04
6.434140688420880662e-05
3.810948731074231192e-04
3.516603472146155162e-04
2.631947363219675515e-04
2.615109827254656822e-04
2.589694443202234702e-04
2.412267961810922847e-04
2.625280712507602741e-04
2.631994717866249973e-04
2.632395256211524158e-04
2.018758248990196028e-04
2.994680036590623108e-04
2.993103957230232575e-04
2.914355060602682795e-04
2.914525674855699701e-04
3.011284574777671019e-04
3.010921532947899307e-04
3.011566921657673167e-04
3.012101683070396354e-04
2.584105673634989431e-04
2.633707642547289136e-04
2.620912463411929363e-04
2.589399712508522276e-04
2.626366980538033568e-04
2.625316290039279203e-04
2.018580675927185224e-04
2.617166848501281044e-04
2.630185984767946603e-04
2.630361457427849402e-04
2.632147268275912273e-04
2.631641200353821634e-04
2.632374245934661133e-04
2.632646481449007927e-04
2.599869249648435157e-04
1.880384157782461060e-04
1.879040015276130736e-04
1.879237145940589168e-04
1.880208821757635158e-04
1.882080017737858821e-04
1.882080831292126720e-04
1.879935954228099753e-04
2.930660377436427677e-04
2.931085116738668911e-04
3.012579477410155283e-04
3.006827647296716013e-04
3.025324301421845083e-04
3.002226415461753417e-04
3.001601671690237402e-04
3.025346476978142468e-04
2.927844243424026680e-04
2.998231313129933080e-04
2.025848435942987291e-04
3.008030597287194609e-04
3.007260722619723597e-04
3.023309393090979104e-04
3.019536116901024199e-04
3.029393347762813029e-04
1.760984280385910288e-04
1.568492950935286893e-04
2.617450168709700297e-04
2.617530526535148888e-04
2.617632928882467308e-04
2.582264848662511165e-04
2.592025832223980456e-04
2.018756485266345901e-04
2.620008745261531258e-04
2.027882416607066068e-04
3.810947792624568161e-04
3.516603373900780653e-04
2.436113928243794659e-04
1.988968763565528109e-04
2.449664335037023350e-04
1.988967570501823639e-04
2.449664699444792175e-04
2.586833966207714394e-04
2.633792273175518807e-04
2.632012861701175130e-04
2.624365319000261459e-04
2.589695332091073538e-04
2.632373650195172577e-04
2.018576469340678959e-04
2.018758222309419029e-04
2.622691835849742955e-04
2.591472784983190150e-04
2.615342715274990054e-04
2.639596896230480367e-04
2.632203581237780188e-04
2.629063019021225301e-04
2.652989909748664226e-04
2.595108492266747814e-04
1.879304988415545418e-04
1.880178533393341304e-04
1.880956557725816844e-04
1.879646490436294882e-04
1.569128395131379802e-04
1.569443443119052746e-04
1.879530865717638985e-04
3.007920537365024196e-04
3.014780553288205615e-04
2.934805351765500375e-04
2.932717062494125809e-04
3.010959464721419017e-04
3.041168805060563587e-04
3.011198520170717242e-04
3.033403764289488631e-04
2.018545957437275790e-04
2.018851258644651812e-04
3.015906109591838698e-04
3.024228511544853251e-04
3.014159451634557747e-04
2.997402157365479294e-04
3.037013218561956918e-04
3.012562360945301738e-04
2.629361413685076302e-04
2.412270140164858340e-04
2.630642635759039690e-04
2.630704706904274034e-04
2.612685664690424020e-04
2.412296212058486194e-04
2.616783787044683353e-04
2.639603485434687045e-04
2.629267732422826184e-04
2.591012203562727506e-04
2.632147464515026641e-04
2.639576388251435482e-04
2.631641089307273701e-04
2.018545142806182089e-04
2.996413951589363476e-04
2.933688012227732549e-04
3.043279888490025339e-04
2.994031139366991659e-04
3.039337558825432354e-04
3.051491503615341521e-04
3.052750434519169035e-04
